0.002494588931333246 1.6813390204418246 0.2846416085134153 0.0006033949153278541 1 1
0.007542509069808456 1.6441349270595038 0.3270595296637132 0.0006084860259871038 1 1
0.01259155200926126 1.59691509593422 0.40469708522068915 0.0006142698989282353 1 1
0.017647496836364795 1.6183782057748632 0.4941493808487897 0.0006241783096282888 1 1
0.022688789090135438 1.6341186662676894 0.5873544855475552 0.0006323214782521754 1 1
0.027725383309113408 1.6255326540145312 0.6790022995452188 0.000640357973702224 1 1
0.03276829971795228 1.6269639230547581 0.76588983458373 0.0006466412225685678 1 1
0.03780215857096683 1.641273079839924 0.8401932617962484 0.0006540794299510447 1 1
0.042831927549060844 1.628394830849508 0.9039690422592093 0.0006605584079069782 1 1
0.04785172065529548 1.6269638827384938 0.9503175255883481 0.0006690800664232171 1 1
0.0528767424669716 1.6198092402571906 0.9668768443074962 0.0006648437521303238 1 1
0.057902307285911184 1.6269638697401392 0.9697841106364599 0.0006652489570963691 1 1
0.0629285534707846 1.6226710399922961 0.9700861390414393 0.0006641438319594775 1 1
0.06793918674868557 7.334895173225685 0.9704620260480663 0.0006663036990124986 1 1
0.07292783435286591 1.61980925745949 0.9713891048419806 0.0006658619201079178 1 1
0.07792275631191808 1.6412728092680922 0.9712239668373457 0.0006661298237904826 1 1
0.0829222273347715 1.5969144669364077 0.9718803484345607 0.0006663392811979624 1 1
0.08792396695075766 1.6269636582484162 0.9725057518249892 0.0006666384763574693 1 1
0.09291798043033661 1.6040691253592487 0.9725900198287005 0.0006661607058917302 1 1
0.0979156411303608 1.6427039026688925 0.9742598458196408 0.0006663547014561431 1 1
0.10291367757524539 1.6112237534015272 0.9732860239081104 0.0006658228140839917 1 1
0.10791685667136898 1.61122360948354 0.9742115682561487 0.0006671176540814538 1 1
0.11291474162279239 1.6269638769631651 0.9751790893163415 0.0006658111911415882 1 1
0.11789892890199336 1.6112237231123245 0.9784478667660237 0.0006679074552463444 1 1
0.12287622249504122 1.6112236065487904 0.9773834621335751 0.0006671438103191519 1 1
0.1278502632883431 1.6183783440145034 0.9781225791225848 0.0006671103367292613 1 1
0.13282434898359116 24.400672269716917 0.980751386789232 0.0006669587897603667 1 1
0.13781586121689285 1.6198089841243832 0.9804275334152935 0.0006677694489490896 1 1
0.14280889099034222 1.6255328166907412 0.9816274584490751 0.0006663186333903299 1 1
0.14781063416795562 1.626963466820655 0.9833466683080623 0.0006676490178312678 1 1
0.15281064828097415 1.6198092748388864 0.984289468941777 0.0006666371178139158 1 1
0.15780539706154775 1.6198091797715501 0.9860958836027848 0.0006683753219175942 1 1
0.16280491693754173 1.6613057237863105 0.9865507378787347 0.0006664926143063581 1 1
0.16780127058892458 1.6126545070193161 0.9893296628371249 0.0006708431796029292 1 1
0.17279592053251594 1.6040690878245314 0.9904732532422796 0.000667488255906627 1 1
0.17777713429578146 1.6140856984278242 0.9919545693733764 0.0006684628373239182 1 1
0.18275623529391608 1.6369803507801377 0.9944687337258747 0.0006678318413297293 1 1
0.1877385483508287 1.596914620946111 0.996174577071464 0.0006697014291241867 1 1
0.19271986094607646 1.6641687446176237 0.9983717280760293 0.0006679722640134996 1 1
0.19770664531689602 4223.585813169342 1.0000537917983159 0.0006679662877924424 1 1
0.20270242246884546 1.6112236828972586 1.0020467360586096 0.0006685030240057657 1 1
0.20768590957025387 1.628394666625808 1.0046011718180148 0.0006708369644141653 1 1
0.21265891316554805 1.6126547301600835 1.008017456798588 0.0006700150512551179 1 1
0.21765011154711875 1.5969143144896556 1.0094489153827642 0.0006712286170069626 1 1
0.22262776755082922 1.619809166870177 1.0103510559003677 0.0006700648778841944 1 1
0.2276078365407171 1.635549460307157 1.01375446477651 0.0006701625614578372 1 1
0.23258720521052648 1.604069182908734 1.017374816848853 0.000670949286553968 1 1
0.23757296339469475 1.596914433881119 1.0193235949168369 0.0006720525899169266 1 1
0.24255414737675346 1.6126545992263959 1.0220510279056094 0.0006711365208641882 1 1
0.24753875013220253 1.6112236295671787 1.0246981820073087 0.0006714501035829607 1 1
0.2525407856827974 1.6183785986827468 1.0258794479796842 0.0006715492672036413 1 1
0.25751767284149074 1.604069113824052 1.0308192957784197 0.0006725720686978641 1 1
0.26247108345673587 1.61837831241394 1.0322344560658567 0.000673372853265165 1 1
0.267425205323362 1.6126548266470064 1.0369303329005815 0.0006721272861726837 1 1
0.2723795461550953 1.6126547892219207 1.0389780833777973 0.0006729703718955994 1 1
0.2773418255582023 1.596914488602675 1.0425705578231625 0.0006729904862508177 1 1
0.28229710499498306 1.6369803996167334 1.0449544075820338 0.0006740397791147006 1 1
0.28725232670261214 1.644134814784246 1.047284445801869 0.0006728891550900496 1 1
0.2922205363142659 1.59977643496001 1.0505942299508753 0.000674454272419659 1 1
0.2971960417949495 1.5983457402930217 1.0528318081782595 0.0006745771196219453 1 1
0.30216351162162575 1.6040690720839845 1.0569635763541063 0.0006758760243969565 1 1
0.3071203361831756 1.5969145375952847 1.0593402344872722 0.0006808313509424817 1 1
0.31207739550998465 1.6198092344987283 1.0636545576000902 0.0006749894340630108 1 1
0.31702955333084193 2.6858745322977926 1.0670962215091466 0.0006752396326280992 1 1
0.3220044366429097 1.6183781612068664 1.0694962567040232 0.0006753508005434793 1 1
0.32698018620120856 1.6198092805734547 1.0727805860814046 0.0006757879466802817 1 1
0.33195665711381755 1.611223551823018 1.075130499849764 0.0006765270659895264 1 1
0.3369383084637178 1.6212402069830634 1.0789594395344115 0.0006769195648035319 1 1
0.34191518030508644 1.5983453085685757 1.0816332528168113 0.0006768161153747534 1 1
0.3469044962855088 32.3864672536964 1.0843601177022688 0.0006772408328869575 1 1
0.35190272865591216 1.6198090935464124 1.0886556313487286 0.0006774342176982156 1 1
0.356900410129652 1.6355493192550483 1.0926867611770752 0.0006777159137355739 1 1
0.36190205993450564 1.5969145317468685 1.0948362614646678 0.0006776827529674655 1 1
0.36691211424838444 1.6198091006907287 1.0981796739995011 0.0006783795742366724 1 1
0.37191538597734397 10.497260765890223 1.1012451002447425 0.0006774115195877787 1 1
0.37692496112984264 1.59691464827667 1.1051907426463514 0.0006801811506077911 1 1
0.38195044785106186 1.6341182891242463 1.108036141332139 0.0006781376423810882 1 1
0.38696990516078084 1.6255326309778706 1.1110341999951256 0.0006795772945420124 1 1
0.39199254879569356 1.6126546769930457 1.1144661341480262 0.0006797003045762996 1 1
0.3970181529868583 1.6198092403049786 1.1173732081078798 0.0006798219277648601 1 1
0.40203333449752443 1.6140854105412505 1.1187122280634723 0.0006803430603771601 1 1
0.4070389303681443 20.63234910158353 1.122141519457899 0.000680081964085766 1 1
0.4120401090703581 1.6241019045388436 1.1259844274895539 0.000681826510083441 1 1
0.41704758209745474 1.621240265992896 1.1289365664476827 0.0006811734640916548 1 1
0.4220702592156846 1.5969144496821035 1.1308540713771273 0.000683134970985868 1 1
0.42707683639865185 1.6341183323387165 1.134036599896233 0.000681169922052658 1 1
0.43208093244221635 1.6069309263804155 1.136428246831137 0.0006820292713063337 1 1
0.437088035079666 1.611223990868877 1.1393718166095028 0.0006823451384946679 1 1
0.44209607910197896 1.6055000071643168 1.141619234965795 0.0006823092495607754 1 1
0.4470980494074045 1.6269636654447373 1.1431805326130822 0.0006815654176850075 1 1
0.4521066087777277 1.6384112283194177 1.1432000185130344 0.0006820429355627232 1 1
0.4571078180438911 1.6040690978614314 1.1338860034416036 0.0006809431905988546 1 1
0.4621224173481078 1.6498578146884735 1.121636500810435 0.0006797488923009683 1 1
0.4671510388479925 1.6341185438711996 1.1026575229090143 0.0006771531176801279 1 1
0.47217239847653664 1.614085878320389 1.0801229646607835 0.0006755546901351326 1 1
0.4771974215762706 1.634118469029461 1.0596661061597632 0.0006730292783602805 1 1
0.4822251153198148 1.6040690747938493 1.0352364841340693 0.0006725073538100209 1 1
0.4872503823529965 1.625532910283675 1.014101976830266 0.0006687124519454111 1 1
0.4922675540344681 1.6198092287079389 0.9957205486891857 0.000668597719734345 1 1
0.4972851946297399 1.6183786377199776 0.9850233443169281 0.0006671810096757261 1 1
0.5023081005737919 1.618378345443929 0.9824582320449551 0.0006679874924116915 1 1
0.5073245597567237 1.6255330067214044 0.989467691789809 0.0006740405051046873 1 1
0.5123416329866177 1.6283946710462045 1.0055615761732044 0.0006702111459634982 1 1
0.5173583247317186 1.6412729991989625 1.0258376661421271 0.000670247411795511 1 1
0.5223852402037178 1.5969147648542594 1.0480946008337348 0.0006746643796587019 1 1
0.5273868233621711 1.6198093410436343 1.073060372384278 0.0006755900726552425 1 1
0.5323841336651549 1.644134928448169 1.0926727668884972 0.0006773770843044456 1 1
0.5373835447326079 1.6112237331843628 1.1141330332844235 0.0006787573078161025 1 1
0.5423906359344891 1.6183782562924747 1.1297186232795535 0.0006802467013044644 1 1
0.547388505838064 1.6040690058342597 1.140502642833085 0.0006808533729691594 1 1
0.5523863950781498 1.6112236756896934 1.1435571731443708 0.0006816162039143612 1 1
0.5573813047523898 1.6269641115463642 1.141897611197145 0.0006809239373495528 1 1
0.5623754923680698 1.6183782634311688 1.1397724471456732 0.0006804365068665391 1 1
0.5673752937585785 1.6183782216629907 1.1372302972183068 0.0006801804052865369 1 1
0.5723701743341235 1.6355492804314586 1.1358595316173887 0.0006803084518878751 1 1
0.5773640312356404 1.611223744723776 1.1336773040297807 0.0006803429724356347 1 1
0.5823679354432887 1.6126545948945479 1.1297114698886355 0.0006817672040074281 1 1
0.5873659083647663 1.6341185281418968 1.1280017604397972 0.00067908100408098 1 1
0.5923637803399846 1.6040690604813226 1.1252676519943388 0.0006799284158435017 1 1
0.5973655574418416 1.6269637085031934 1.1226221554832976 0.0006791389899135895 1 1
0.6023617296079012 1.6183782073392199 1.118428649990568 0.0006790551341204671 1 1
0.6073577326604154 1.6183781972179878 1.115920853229238 0.0006785065510022947 1 1
0.6123567360515161 1.6183782619834715 1.1132346780485285 0.0006779480390911295 1 1
0.6173514179504033 1.6126548655043291 1.1103244424725165 0.0006792429625096102 1 1
0.6223458435711114 1.6427038551830124 1.106649184211307 0.0006765051590437728 1 1
0.6273427955854162 1.6183783310976694 1.1036855431121384 0.0006777319407988169 1 1
0.6323461026636316 1.621240014151176 1.0991661993692163 0.0006773926644402889 1 1
0.6373471941596589 1.619809258869238 1.0986120583355523 0.0006781164321609192 1 1
0.6423459842511802 1.6212402574346148 1.0929594121544097 0.0006765740956772387 1 1
0.6473536107290553 1.596914461272116 1.089891082005751 0.0006781775172065194 1 1
0.652363419433444 1.6341185064306527 1.0869541000428466 0.0006751073793581099 1 1
0.6573569278235493 1.6269638079234603 1.084017422126932 0.0006764565313619084 1 1
0.6623557711195562 1.622670963604473 1.0809464768830361 0.0006769281717639173 1 1
0.6673584820496538 1.6112236814200451 1.0773686245012872 0.000675299004999912 1 1
0.6723648481205422 1.6183780935951815 1.0730920186224355 0.0006743291466503531 1 1
0.6773668685752094 18.629298147112387 1.0709628252744878 0.0006758278668926965 1 1
0.6823620572949298 1.6112236727394829 1.0669453158264681 0.0006736740001728807 1 1
0.6873712767424055 1.604069122434338 1.0642454481579733 0.0006751268360105595 1 1
0.692368042825042 1.6255327332387168 1.0607347822671351 0.0006741965194929176 1 1
0.6973626909633575 1.6512894974778043 1.0578936443950826 0.0006732453021708075 1 1
0.7023579907416239 1.6212400674166014 1.0529237922493466 0.0006731229447175323 1 1
0.7073627865637687 1.6055001611613702 1.0512470427196474 0.0006741585980295091 1 1
0.7123764208159932 1.6040690748823978 1.0471142689384956 0.0006728959983092873 1 1
0.7173761514489966 1.634118267632265 1.0445904742453123 0.000672916430045692 1 1
0.7223729848533043 1.6198091581671263 1.0419331831971403 0.0006712780733662289 1 1
0.727371578433984 1.6126547302387932 1.0397904150860364 0.0006733642472892949 1 1
0.7323733457469108 1.6026381283062239 1.0359396337322182 0.0006717432804225307 1 1
0.7373654882135807 1.631256476507445 1.03258585684252 0.0006722274121733516 1 1
0.742353161698762 1.6097927377406716 1.0298853187401154 0.0006711750035851877 1 1
0.7473417830278567 1.6255327273734341 1.0287928460703393 0.0006722943342981892 1 1
0.7523299987030737 1.609792921879347 1.0250221041328968 0.0006717941989711011 1 1
0.7573235577719213 1.6169471944781826 1.021468340882369 0.0006711815718849578 1 1
0.7623107096360413 1.6241017894454952 1.0196623672657974 0.0006695246727241612 1 1
0.7672991218337462 1.609792900352227 1.0173636764368545 0.0006709642254077453 1 1
0.7722877083812328 1.6198093640212625 1.015401036531227 0.0006706692623040721 1 1
0.7772749413749211 1.6326874043774007 1.0126476162896212 0.0006697173833345376 1 1
0.782274062078076 1.6026380966410056 1.0105396544962648 0.0006694163092567289 1 1
0.7872660472073528 1.6326872706157838 1.0076987103167656 0.0006699277953488496 1 1
0.7922518877444362 1.609792757790578 1.0053575190009731 0.0006688822640147324 1 1
0.7972404889350658 1.6183782490033884 1.002610865291618 0.0006700363409595007 1 1
0.8022264724840121 1.6398420886690483 1.0009197416975728 0.0006679554478854168 1 1
0.8072138452694954 1.6269635863611045 0.997324099212955 0.0006697816020097628 1 1
0.8122061177855516 1.6326874145028496 0.9955841218632591 0.0006671901264546178 1 1
0.8172009127322312 1.5954834872922954 0.9944636453093816 0.000669245708701976 1 1
0.8221922023105385 1.6255328655737196 0.9923333273618318 0.0006675607128201383 1 1
0.8271811313438769 1.626963731583425 0.9906571005245042 0.0006684153175769262 1 1
0.8321685371620151 1.6169473253697046 0.9896921025155287 0.0006678291795392435 1 1
0.8371652703379321 1.6183781425751418 0.987717130685286 0.0006680010055425454 1 1
0.8421496190758503 1.6326874878687803 0.9861144924420315 0.0006675797903002007 1 1
0.8471389833487558 1.6097927032306578 0.9839666206423059 0.0006676173694024885 1 1
0.8521287957472806 1.6026380980901087 0.9820603291846871 0.0006668417044175557 1 1
0.8571146479505868 1.6326872963145207 0.9808480360439698 0.0006672773739662375 1 1
0.8621003341052179 1.648427643224945 0.9815126406075972 0.0006673521655988305 1 1
0.867088683615754 1.6112235202154266 0.9791774317778902 0.0006672084219164696 1 1
0.8720831061929996 35.7840857981586 0.9790940023755349 0.0006675784279329219 1 1
0.8770925436180571 1.6097927837872874 0.9769149160484426 0.0006669325897956928 1 1
0.8821022391595233 1.631256305275765 0.976385147584722 0.0006660130241929697 1 1
0.8871112029083196 1.6169474262067474 0.9763207637400227 0.0006663228491806724 1 1
0.8921156320039885 1.6326876966745323 0.9745752475247293 0.0006664146181122268 1 1
0.8971241811776115 1.6341183566628437 0.973897031299263 0.0006663370314622144 1 1
0.9021356302583553 1.632687349757043 0.9728453847942556 0.0006664114467796531 1 1
0.9071489203632823 24.903783026514162 0.9733307790014325 0.0006668801742023773 1 1
0.9121815844098053 1.6026383138715137 0.9710529073945656 0.0006653479925490266 1 1
0.9172101596883425 1.6241017880989963 0.9715461704588645 0.0006651100588476111 1 1
0.9222389796605542 1.6398423117325114 0.9705905115815908 0.0006639265979131139 1 1
0.9272479118630564 1.6183783483857064 0.9709823716503394 0.0006660494910385673 1 1
0.9322611442082456 1.6412731000627105 0.9708286855396325 0.000665018717849371 1 1
0.9372732346367451 1.6255327619410747 0.9699909349194797 0.0006663463090815391 1 1
0.9422937549240429 1.626963983427956 0.9686890581811284 0.0006650980660194456 1 1
0.9473084562030497 1.609792883104951 0.9693464766386273 0.0006680344640966805 1 1
0.9523251022188106 1.6698912969795539 0.9573513583020351 0.0006650048022099923 1 1
0.9573338130449133 1.6398419591465139 0.9173720390243153 0.0006598849760128834 1 1
0.9623455010100874 1.6169475744551771 0.8583363676104893 0.0006552423482156807 1 1
0.967355767336028 1.622671254372386 0.7840893142465878 0.0006495832922907104 1 1
0.9723835661353332 1.6326875800702374 0.7006468335051116 0.0006406788584715914 1 1
0.9774033933097974 1.6026381959277476 0.6105410377511377 0.0006339163880402902 1 1
0.98242402797646 1.642704203463867 0.5181988430667236 0.0006255225428600916 1 1
0.9874363051105456 1.624102137755866 0.42612733171745065 0.0006162696147141923 1 1
0.9924585185006258 1.6112236266928672 0.34433503712292085 0.0006091397148851611 1 1
0.9974768086025853 1.6269639647624983 0.2901959112773743 0.0006045010041383473 1 1
