       0.00253464 0.66789619    1.00013 0.00124 1.00000 1
       0.00753193 0.67151830    1.00020 0.00123 1.00000 1
       0.01252880 0.67514030    1.00032 0.00123 1.00000 1
       0.01752382 0.67876217    1.00044 0.00123 1.00000 1
       0.02251799 0.67876225    1.00051 0.00123 1.00000 1
       0.02751344 0.67948663    1.00061 0.00123 1.00000 1
       0.03251261 0.66862048    1.00067 0.00124 1.00000 1
       0.03752289 0.66427443    1.00079 0.00124 1.00000 1
       0.04252283 0.67151825    1.00080 0.00123 1.00000 1
       0.04751955 0.67876210    1.00093 0.00124 1.00000 1
       0.05251356 0.68238421    1.00096 0.00123 1.00000 1
       0.05750825 0.67876235    1.00103 0.00123 1.00000 1
       0.06250401 0.67151818    1.00110 0.00124 1.00000 1
       0.06750034 0.67514026    1.00108 0.00123 1.00000 1
       0.07248875 0.67514030    1.00116 0.00123 1.00000 1
       0.07747622 0.67514040    1.00118 0.00123 1.00000 1
       0.08246234 0.68600615    1.00118 0.00123 1.00000 1
       0.08744676 0.68310864    1.00122 0.00123 1.00000 1
       0.09243526 0.67514038    1.00121 0.00124 1.00000 1
       0.09742708 0.67876231    1.00122 0.00123 1.00000 1
       0.10241518 0.67151821    1.00118 0.00124 1.00000 1
       0.10740310 0.67151835    1.00120 0.00124 1.00000 1
       0.11239080 0.67876221    1.00116 0.00123 1.00000 1
       0.11737668 0.68600617    1.00110 0.00123 1.00000 1
       0.12236073 0.67876237    1.00110 0.00123 1.00000 1
       0.12734680 0.68238427    1.00102 0.00123 1.00000 1
       0.13233313 0.67876227    1.00098 0.00123 1.00000 1
       0.13732190 0.67151824    1.00094 0.00124 1.00000 1
       0.14230945 0.68310866    1.00082 0.00123 1.00000 1
       0.14730437 0.67514034    1.00080 0.00123 1.00000 1
       0.15229044 0.68238413    1.00066 0.00123 1.00000 1
       0.15727529 0.67876230    1.00061 0.00123 1.00000 1
       0.16226112 0.68238435    1.00051 0.00123 1.00000 1
       0.16724754 0.67586449    1.00044 0.00124 1.00000 1
       0.17223942 0.66789636    1.00031 0.00124 1.00000 1
       0.17723254 0.67514025    1.00022 0.00123 1.00000 1
       0.18221978 0.68238414    1.00012 0.00123 1.00000 1
       0.18720412 0.68600621    1.00000 0.00123 1.00000 1
       0.19218857 0.68238424    0.99988 0.00123 1.00000 1
       0.19716530 0.68600620    0.99978 0.00123 1.00000 1
       0.20214287 0.67514015    0.99964 0.00123 1.00000 1
       0.20712159 0.67876219    0.99953 0.00123 1.00000 1
       0.21209969 0.67514026    0.99943 0.00124 1.00000 1
       0.21707711 0.68238406    0.99930 0.00123 1.00000 1
       0.22205236 0.69325009    0.99919 0.00123 1.00000 1
       0.22702722 0.68238427    0.99905 0.00123 1.00000 1
       0.23200337 0.68238417    0.99899 0.00123 1.00000 1
       0.23698161 0.67514006    0.99882 0.00123 1.00000 1
       0.24196034 0.68238428    0.99874 0.00123 1.00000 1
       0.24693828 0.67876219    0.99861 0.00123 1.00000 1
       0.25191525 0.68238408    0.99852 0.00123 1.00000 1
       0.25689049 0.68600600    0.99839 0.00123 1.00000 1
       0.26186585 0.68600620    0.99834 0.00124 1.00000 1
       0.26683967 0.68600627    0.99819 0.00126 1.00000 1
       0.27180864 0.67876199    0.99817 0.00123 1.00000 1
       0.27677804 0.68238413    0.99804 0.00123 1.00000 1
       0.28174649 0.68238421    0.99800 0.00123 1.00000 1
       0.28671376 0.68962797    0.99790 0.00123 1.00000 1
       0.29167945 0.68600599    0.99790 0.00123 1.00000 1
       0.29665353 5.85531577    0.99778 0.00123 1.00000 1
       0.30167234 0.69469883    0.99777 0.00123 1.00000 1
       0.30670505 0.67948648    0.99777 0.00123 1.00000 1
       0.31175124 0.71280868    0.99765 0.00123 1.00000 1
       0.31681572 0.68962819    0.99770 0.00123 1.00000 1
       0.32189933 0.69687204    0.99768 0.00123 1.00000 1
       0.32698136 0.69687218    0.99764 0.00123 1.00000 1
       0.33206526 0.69325015    0.99770 0.00123 1.00000 1
       0.33715274 0.68600606    0.99767 0.00123 1.00000 1
       0.34223966 0.68600626    0.99771 0.00123 1.00000 1
       0.34728946 0.68600606    0.99772 0.00123 1.00000 1
       0.35231350 0.69687197    0.99781 0.00123 1.00000 1
       0.35733622 0.69759636    0.99780 0.00123 1.00000 1
       0.36236462 0.68600626    0.99790 0.00123 1.00000 1
       0.36739604 0.68238403    0.99796 0.00123 1.00000 1
       0.37242393 0.68238411    0.99796 0.00123 1.00000 1
       0.37745110 0.68600600    0.99814 0.00123 1.00000 1
       0.38247615 0.69325000    0.99818 0.00123 1.00000 1
       0.38749893 0.69687214    0.99825 0.00123 1.00000 1
       0.39252248 0.68962810    0.99841 0.00123 1.00000 1
       0.39754806 0.68238404    0.99848 0.00123 1.00000 1
       0.40257629 0.68238406    0.99862 0.00123 1.00000 1
       0.40760355 0.68238411    0.99871 0.00124 1.00000 1
       0.41262988 0.69324994    0.99889 0.00123 1.00000 1
       0.41765351 0.69687195    0.99896 0.00123 1.00000 1
       0.42267623 0.70556478    0.99916 0.00123 1.00000 1
       0.42770208 0.68238414    0.99924 0.00123 1.00000 1
       0.43273936 0.68310845    0.99941 0.00123 1.00000 1
       0.43777264 0.67803772    0.99954 0.00123 1.00000 1
       0.44279576 4501.31280364    0.99972 0.00123 1.00000 1
       0.44784735 0.69976963    0.99984 0.00123 1.00000 1
       0.45292022 0.69252575    1.00005 0.00123 1.00000 1
       0.45795873 0.69325021    1.00015 0.00123 1.00000 1
       0.46297954 0.68310839    1.00036 0.00124 1.00000 1
       0.46801353 0.67803803    1.00048 0.00123 1.00000 1
       0.47304052 0.68165985    1.00067 0.00123 1.00000 1
       0.47805785 11.51136090    1.00079 0.00123 1.00000 1
       0.48312250 0.69614770    1.00097 0.00123 1.00000 1
       0.48821078 0.68890385    1.00110 0.00123 1.00000 1
       0.49329777 0.68165962    1.00125 0.00123 1.00000 1
       0.49838528 0.68528187    1.00140 0.00123 1.00000 1
       0.50346369 0.68528172    1.00157 0.00123 1.00000 1
       0.50853976 0.68890370    1.00165 0.00123 1.00000 1
       0.51357742 0.69976985    1.00182 0.00123 1.00000 1
       0.51859344 1.35896639    1.00195 0.00123 1.00000 1
       0.52362001 0.67803785    1.00204 0.00123 1.00000 1
       0.52864847 0.67803788    1.00216 0.00124 1.00000 1
       0.53367677 0.68165996    1.00227 0.00123 1.00000 1
       0.53870415 0.68528176    1.00237 0.00123 1.00000 1
       0.54372982 0.68890379    1.00242 0.00123 1.00000 1
       0.54875460 0.68890400    1.00256 0.00123 1.00000 1
       0.55378529 0.67803797    1.00257 0.00124 1.00000 1
       0.55882293 0.67803803    1.00268 0.00123 1.00000 1
       0.56386155 0.67876237    1.00275 0.00123 1.00000 1
       0.56890744 0.67803811    1.00273 0.00123 1.00000 1
       0.57394391 0.68528184    1.00284 0.00123 1.00000 1
       0.57895617 0.68166010    1.00283 0.00123 1.00000 1
       0.58394132 0.67514059    1.00284 0.00124 1.00000 1
       0.58892127 0.67441611    1.00288 0.00124 1.00000 1
       0.59390030 0.67441611    1.00287 0.00124 1.00000 1
       0.59887957 0.67079418    1.00286 0.00124 1.00000 1
       0.60385888 0.67803805    1.00282 0.00123 1.00000 1
       0.60883626 0.68166013    1.00283 0.00123 1.00000 1
       0.61381190 0.68166009    1.00275 0.00123 1.00000 1
       0.61878970 0.68166015    1.00274 0.00123 1.00000 1
       0.62376855 0.67441605    1.00269 0.00124 1.00000 1
       0.62874770 0.67441612    1.00256 0.00124 1.00000 1
       0.63372678 0.67079416    1.00256 0.00124 1.00000 1
       0.63870577 0.67441611    1.00247 0.00124 1.00000 1
       0.64368316 0.68528195    1.00237 0.00123 1.00000 1
       0.64865898 0.67803822    1.00230 0.00123 1.00000 1
       0.65363642 0.68166015    1.00216 0.00124 1.00000 1
       0.65861538 0.67079396    1.00208 0.00124 1.00000 1
       0.66359495 0.67803813    1.00195 0.00124 1.00000 1
       0.66857405 0.67441613    1.00185 0.00124 1.00000 1
       0.67355278 0.67803807    1.00169 0.00124 1.00000 1
       0.67852979 0.67803801    1.00161 0.00124 1.00000 1
       0.68350611 0.68166012    1.00144 0.00123 1.00000 1
       0.68848358 0.67803807    1.00132 0.00123 1.00000 1
       0.69346229 0.67079410    1.00117 0.00124 1.00000 1
       0.69844180 0.67441606    1.00106 0.00124 1.00000 1
       0.70342134 0.67441608    1.00088 0.00124 1.00000 1
       0.70839992 0.67803805    1.00075 0.00123 1.00000 1
       0.71337633 0.68890392    1.00058 0.00123 1.00000 1
       0.71835303 0.67441610    1.00046 0.00124 1.00000 1
       0.72333091 0.67441608    1.00029 0.00124 1.00000 1
       0.72830957 0.67441604    1.00015 0.00124 1.00000 1
       0.73328877 0.67079413    1.00002 0.00124 1.00000 1
       0.73826819 0.67441607    0.99985 0.00124 1.00000 1
       0.74324709 0.67803803    0.99972 0.00124 1.00000 1
       0.74822302 0.68890392    0.99957 0.00123 1.00000 1
       0.75319983 0.67803809    0.99943 0.00123 1.00000 1
       0.75817792 0.67803802    0.99928 0.00123 1.00000 1
       0.76315696 0.67876232    0.99916 0.00124 1.00000 1
       0.76814201 0.67079415    0.99900 0.00124 1.00000 1
       0.77312365 0.67079412    0.99892 0.00124 1.00000 1
       0.77810213 0.67803794    0.99878 0.00123 1.00000 1
       0.78307843 0.68890394    0.99868 0.00123 1.00000 1
       0.78805524 0.67441618    0.99853 0.00124 1.00000 1
       0.79303310 0.67803800    0.99850 0.00123 1.00000 1
       0.79801254 0.67441598    0.99833 0.00123 1.00000 1
       0.80299179 0.67441605    0.99829 0.00123 1.00000 1
       0.80797083 0.67876244    0.99821 0.00124 1.00000 1
       0.81295284 0.68238421    0.99809 0.00123 1.00000 1
       0.81793526 0.67803807    0.99807 0.00123 1.00000 1
       0.82291944 0.67803811    0.99799 0.00124 1.00000 1
       0.82789706 1.34014799    0.99792 0.00124 1.00000 1
       0.83288519 0.66717186    0.99793 0.00124 1.00000 1
       0.83787444 0.67079391    0.99785 0.00124 1.00000 1
       0.84286339 0.67441592    0.99784 0.00124 1.00000 1
       0.84785007 0.67803794    0.99779 0.00124 1.00000 1
       0.85283529 0.67803794    0.99783 0.00123 1.00000 1
       0.85782278 0.67803794    0.99778 0.00123 1.00000 1
       0.86281084 0.67079389    0.99783 0.00124 1.00000 1
       0.86780055 0.66717188    0.99782 0.00124 1.00000 1
       0.87278930 0.67514035    0.99779 0.00124 1.00000 1
       0.87778479 0.67151836    0.99790 0.00124 1.00000 1
       0.88278125 0.67803787    0.99788 0.00123 1.00000 1
       0.88776697 0.67803793    0.99791 0.00123 1.00000 1
       0.89275393 0.67441591    0.99801 0.00123 1.00000 1
       0.89774616 0.66427428    0.99802 0.00124 1.00000 1
       0.90274063 0.67079391    0.99811 0.00124 1.00000 1
       0.90772976 0.67079392    0.99815 0.00124 1.00000 1
       0.91271857 0.67514029    0.99827 0.00124 1.00000 1
       0.91771191 0.68962811    0.99829 0.00123 1.00000 1
       0.92270089 0.67079403    0.99843 0.00124 1.00000 1
       0.92769415 0.67441587    0.99846 0.00123 1.00000 1
       0.93268329 0.66717181    0.99858 0.00124 1.00000 1
       0.93767254 0.67079397    0.99866 0.00124 1.00000 1
       0.94266118 0.67441599    0.99879 0.00123 1.00000 1
       0.94764897 0.67079372    0.99885 0.00124 1.00000 1
       0.95263466 0.68165984    0.99902 0.00123 1.00000 1
       0.95762144 0.67441611    0.99908 0.00123 1.00000 1
       0.96260859 0.67079380    0.99923 0.00124 1.00000 1
       0.96759815 0.66717180    0.99932 0.00124 1.00000 1
       0.97258751 0.67079387    0.99946 0.00124 1.00000 1
       0.97757641 0.67441583    0.99954 0.00124 1.00000 1
       0.98256313 0.67803787    0.99967 0.00124 1.00000 1
       0.98754846 0.68673056    0.99978 0.00124 1.00000 1
       0.99254913 0.67079399    0.99989 0.00124 1.00000 1
       0.99754076 0.67079383    1.00001 0.00124 1.00000 1
