0.002534642459002048 0.6678961917115673 0.9993652909311624 0.0012353886562805026 1 1
0.007531927536138611 0.6715182995164286 0.997642202548694 0.001234678392006495 1 1
0.012528796040061565 0.6751402995871627 1.002770613630178 0.0012348226889565405 1 1
0.017523815186124895 0.6787621699670983 0.999757023460493 0.0012337641331274163 1 1
0.02251799277633167 0.6787622501148564 1.0001931977657652 0.0012341914111965607 1 1
0.02751343756310124 0.6794866320294422 0.9992951641806141 0.0012344480337697934 1 1
0.03251261459364466 0.6686204848203878 1.000824212335147 0.001238431765666734 1 1
0.037522894170706915 0.6642744319617228 1.00163554995753 0.0012368028159505794 1 1
0.042522833210022884 0.6715182456458073 1.0018654483573695 0.0012348416496788363 1 1
0.047519551887638685 0.6787621030041586 1.0029712503086667 0.0012353547573787436 1 1
0.052513555266048874 0.6823842136879068 1.0000005845695579 0.0012334419857813741 1 1
0.05750825454340142 0.6787623461996661 1.0020461442043274 0.0012339365680878707 1 1
0.06250401325966806 0.6715181815418316 1.0017413724840114 0.00123587095590355 1 1
0.0675003431998592 0.6751402558616654 1.0003830844346535 0.0012348202840203933 1 1
0.07248874692866926 0.6751402966428142 0.9998167192252982 0.0012345421785988275 1 1
0.07747621842502475 0.6751403956918957 0.9999752938524883 0.0012342406339046952 1 1
0.08246233833783477 0.686006152616091 1.001159209655632 0.001232754523548841 1 1
0.0874467571064746 0.6831086408165298 1.0018478201308747 0.0012334183367049283 1 1
0.0924352586271036 0.6751403840340399 1.004380083028722 0.0012360585740949994 1 1
0.09742708383779837 0.6787623112559835 1.0006319989973873 0.0012336153766687704 1 1
0.10241518160911366 0.6715182121010106 1.0007472112319715 0.001238030368950606 1 1
0.10740310296050107 0.671518349019623 1.0004288737906266 0.0012372064849099356 1 1
0.11239079767498474 0.678762209288169 1.0013935896777044 0.001233966566172692 1 1
0.11737668301073295 0.6860061686100656 0.998808870846492 0.0012311228038502232 1 1
0.1223607334764888 0.6787623738813812 1.0003805748073362 0.0012333972872450299 1 1
0.1273467988418661 0.6823842733831866 1.002003593642293 0.0012337519274691407 1 1
0.13233312556587942 0.6787622660504848 1.0001637960318421 0.0012348041753978635 1 1
0.13732190378400802 0.671518239808341 1.002344535755059 0.0012353680454240724 1 1
0.14230944676704887 0.6831086582663133 1.000977606211513 0.0012334958880105636 1 1
0.147304366753412 0.6751403389253106 1.000132447639753 0.001234139317619142 1 1
0.15229043886367571 0.6823841262966812 1.0012175067910525 0.0012332314621583782 1 1
0.1572752880251633 0.6787623024328994 1.001305481853578 0.0012339248027273188 1 1
0.1622611177039834 0.6823843549867536 0.9998695075617926 0.0012328078684730093 1 1
0.16724754445059548 0.6758644921085546 1.000259747299044 0.0012351350729370777 1 1
0.172239422313341 0.6678963591708587 1.0010568288729584 0.0012368649898903883 1 1
0.17723253724138355 0.6751402499943144 1.000474259912866 0.0012343467672872488 1 1
0.1822197784353407 0.682384143804811 1.0006211382832981 0.0012336739111081596 1 1
0.1872041164981984 0.6860062137387181 1.0017012020897784 0.0012314707977190173 1 1
0.19218856775021315 0.6823842442883551 1.001579685985267 0.0012328158386482788 1 1
0.1971652977258584 0.6860062005866303 0.9998296995960726 0.0012313238948367714 1 1
0.20214287331269462 0.6751401539436586 0.9971946775984767 0.001233461351096196 1 1
0.20712159065596109 0.6787621874183049 0.9980637734411972 0.0012328523635792446 1 1
0.21209969152338504 0.6751402573473588 0.9995993404771114 0.001235649760273653 1 1
0.21707710967608057 0.682384060781012 1.0011165229966004 0.0012337938458578009 1 1
0.222052355876072 0.6932500943999731 0.9981944759684805 0.0012309189101448214 1 1
0.22702721973481843 0.6823842690470677 0.9972912483792786 0.0012335570686694641 1 1
0.23200336945646224 0.682384174328413 1.0010859527424478 0.001232383199822501 1 1
0.23698161067135243 0.6751400563247707 0.9970102277408109 0.0012341892803819927 1 1
0.24196033690989005 0.6823842792647683 0.9969577152476922 0.0012331072313382897 1 1
0.24693828096133688 0.6787621888655753 0.9996900275872034 0.0012341107129953215 1 1
0.2519152513626245 0.6823840753931778 0.9991646783219126 0.001232606286866352 1 1
0.2568904857633421 0.6860060039442765 0.997664131382058 0.001230852416133651 1 1
0.26186584715368993 0.6860061977134356 0.9972820960463825 0.0012408715931569183 1 1
0.26683966563185546 0.6860062749154221 0.9995780232407715 0.0012552704960696174 1 1
0.271808639734402 0.678761993634915 0.9982493243625762 0.001233290167472987 1 1
0.2767780433795833 0.6823841262867196 0.9967360994798865 0.0012324556128304077 1 1
0.2817464854526534 0.6823842093332879 0.9977603413330222 0.0012325867149535394 1 1
0.28671376135267274 0.689627969068482 0.9990599532343319 0.0012332596304351295 1 1
0.29167944887259367 0.6860059923291131 0.9973125305899198 0.0012310416998181299 1 1
0.2966535332357423 5.855315765205013 0.9970952617408979 0.0012280636004868741 1 1
0.301672336524683 0.6946988276685426 0.9969229250719585 0.0012324724969178795 1 1
0.3067050452595629 0.6794864762379681 0.9968022662836358 0.0012332431541944274 1 1
0.3117512444910069 0.7128086770222439 0.9976090661140065 0.0012318506985850546 1 1
0.31681572364009875 0.6896281890422011 0.9989877266055625 0.0012303414538796958 1 1
0.32189932542179917 0.6968720405573938 1.000283482077355 0.001229015160081353 1 1
0.3269813636420747 0.6968721788805843 0.9968471627693812 0.0012293299796239867 1 1
0.33206525832340134 0.6932501512434044 0.9986204866827169 0.0012296232017803576 1 1
0.3371527437139448 0.6860060578277054 0.9971149994277093 0.0012319826092801714 1 1
0.3422396601870952 0.6860062589100628 0.9977278755290527 0.0012334549519307733 1 1
0.3472894645928068 0.6860060608076308 0.9989619441948123 0.0012313412322779943 1 1
0.3523134972164799 0.6968719661816404 0.999079975388756 0.0012307847750889101 1 1
0.3573362245896153 0.6975963555232707 0.9969340372048423 0.0012308594323413211 1 1
0.36236462370891975 0.6860062588488705 0.9984073374068777 0.0012313615003472457 1 1
0.3673960391657486 0.6823840315780265 0.9973844398706421 0.001232228334498753 1 1
0.3724239314895308 0.6823841073441272 0.9983390125272056 0.0012321763545727238 1 1
0.3774511039059165 0.6860059966367704 0.9991094866377802 0.0012317888439376458 1 1
0.3824761517719493 0.6932499953608532 0.9956425230990871 0.0012287157474962986 1 1
0.3874989253858656 0.696872142481093 0.9971171241538626 0.0012284147181578033 1 1
0.3925224789342446 0.689628104465824 0.9987251511345664 0.0012308541591985048 1 1
0.39754806368011614 0.6823840417957272 0.9982578979694522 0.00123228905965149 1 1
0.40257628722700295 0.6823840621229746 0.9985715135257365 0.0012317746508861743 1 1
0.40760354716681435 0.682384105902549 0.9995492402839153 0.0012448534595936617 1 1
0.41262988143216345 0.6932499370502284 0.9992955058707164 0.0012289781245624957 1 1
0.4176535138390015 0.6968719530935912 0.9992098299087929 0.0012293773310595166 1 1
0.4226762346754924 0.7055647783576279 0.9991029404840504 0.0012298248834848714 1 1
0.42770207779053404 0.6823841378620368 0.9983248881824945 0.001232432634052718 1 1
0.4327393636790729 0.6831084499234115 0.9978390700764853 0.0012349800938131756 1 1
0.4377726448491442 0.6780377209956496 0.9990339532762711 0.0012335324594602048 1 1
0.44279575906199237 4501.3128036402295 1.0018123971511443 0.0012311748076183407 1 1
0.4478473537116057 0.6997696309720579 0.9977173472691289 0.0012287532610627862 1 1
0.45292022357518846 0.6925257546639987 0.9994399426638073 0.0012310498618107722 1 1
0.45795873285294436 0.6932502050471407 1.0004546487828885 0.001232711193837546 1 1
0.46297953859382135 0.6831083932806341 0.9983169641386165 0.001237059950644705 1 1
0.46801353060256 0.6780380253849382 1.0009905695461934 0.0012342202948762656 1 1
0.47304052159043164 0.6816598521774146 1.0005902759000975 0.0012330808686042893 1 1
0.478057853142821 11.511360896280367 1.001479970022528 0.0012319398214466638 1 1
0.48312250146096686 0.6961477008384964 1.001576525867869 0.0012299459994080694 1 1
0.48821077587600004 0.6889038522263832 1.0010696692745533 0.0012324828281912391 1 1
0.4932977673552288 0.6816596161072592 1.0003251034514993 0.0012339508523691956 1 1
0.49838527855232095 0.6852818667222762 1.000641927209084 0.0012330737819554551 1 1
0.5034636905482752 0.6852817153024979 1.0011839082105187 0.0012326225508625058 1 1
0.5085397551796507 0.6889036993223345 1.0020320311744684 0.0012315484136123807 1 1
0.5135774209267139 0.6997698480868132 1.0034379099418633 0.0012293659612110353 1 1
0.5185934440867478 1.358966388926698 1.0014248530011616 0.0012324376325368314 1 1
0.523620006459522 0.6780378491979089 1.0022178546438043 0.0012347371816155775 1 1
0.5286484685292655 0.6780378798083185 1.0034057934418144 0.0012355856145377358 1 1
0.5336767739764281 0.6816599585055405 1.0019101877116638 0.0012347228847319409 1 1
0.5387041466014425 0.6852817648853848 1.0011306437171226 0.0012325802739736082 1 1
0.5437298197654393 0.6889037882063691 1.00033519361436 0.0012315021523009056 1 1
0.5487545993450151 0.688903997898349 1.0007665939645214 0.0012316168016507946 1 1
0.5537852898242214 0.6780379686781223 1.0032377250258426 0.0012351456228922519 1 1
0.5588229254295122 0.6780380283492098 1.0034735345655692 0.0012348533712895325 1 1
0.5638615487138229 0.6787623681221842 1.0017753808305552 0.0012342138403285514 1 1
0.568907435993383 0.6780381114114319 1.0008986803687452 0.0012342249684655913 1 1
0.573943909439711 0.6852818449150275 1.0031167636909797 0.00123308218559912 1 1
0.5789561742275876 0.6816601013370425 1.0037254496304484 0.0012340798307485421 1 1
0.5839413195229664 0.675140588062169 1.0014356630443764 0.0012352675164894334 1 1
0.5889212688645149 0.674416108507349 1.002099665913314 0.0012353608192917653 1 1
0.5939003014183926 0.6744161070316173 1.000543892879747 0.001235188013557077 1 1
0.5988795709790777 0.6707941768695942 1.0023799225374261 0.0012364281545814261 1 1
0.6038588800733866 0.6780380474042254 1.002754975360752 0.001234462642685561 1 1
0.6088362604200444 0.6816601260957551 1.0033203542648714 0.001233313464425065 1 1
0.6138118970016613 0.6816600925424199 1.0014908114888874 0.001234213033542227 1 1
0.6187896973273015 0.681660149363082 1.0030669509498162 0.0012339615277901072 1 1
0.623768545153477 0.6744160546068433 1.0051974184906385 0.0012363003023845435 1 1
0.6287476976345063 0.6744161201410125 1.0019570638206168 0.0012362145578701913 1 1
0.6337267769477686 0.6707941594482721 1.004129632821563 0.0012362723160232894 1 1
0.6387057657809261 0.6744161128448911 1.0029130424681711 0.00123586341174305 1 1
0.643683160925707 0.6852819484055357 1.0032352699785199 0.0012339090045350135 1 1
0.6486589838430002 0.6780382192309435 1.0012718213868537 0.0012346355485248744 1 1
0.6536364200771329 0.6816601507804676 1.0021687682356177 0.0012387011932306602 1 1
0.658615377271052 0.6707939642702656 1.0039902948956574 0.0012361121024340998 1 1
0.6635949492384187 0.6780381317827948 1.0015697357086601 0.001236548679948144 1 1
0.6685740450931894 0.6744161288915198 1.0043501714361753 0.0012375859739732387 1 1
0.6735527769676185 0.6780380663268949 1.0017255128272888 0.0012354937405581704 1 1
0.6785297881755142 0.6780380050676522 1.003638052833477 0.0012353242139950921 1 1
0.683506111002674 0.6816601217795593 1.0027989204978842 0.0012332566043272643 1 1
0.6884835800471591 0.6780380676930499 1.0028232801145547 0.0012340433691724812 1 1
0.6934622864122882 0.6707941025635716 1.0026818170547807 0.0012371369308179453 1 1
0.6984417998321635 0.6744160604243865 0.9994498013725411 0.0012354276523642543 1 1
0.7034213389541538 0.6744160807744033 1.001059818801732 0.0012352952394860187 1 1
0.7083999240305898 0.6780380532303072 0.9997189823584889 0.001234738574144403 1 1
0.7133763262172282 0.6889039221920176 1.0008005744289072 0.0012323299943248086 1 1
0.7183530277190752 0.6744161040858455 1.0015549891636448 0.001235295469881808 1 1
0.7233309135377792 0.6744160793755176 1.000760877648303 0.0012350309390868261 1 1
0.728309569773124 0.674416044360681 1.0006062965121318 0.001236844164547127 1 1
0.7332887697626294 0.6707941273635535 1.0002744178160865 0.0012382438752146898 1 1
0.7382681895684331 0.6744160691322014 0.9994587936650969 0.001236978547376222 1 1
0.7432470869372046 0.6780380313462122 0.9976746937219291 0.0012365375672461695 1 1
0.7482230183675873 0.6889039178359755 0.9991857080664928 0.0012316835579016438 1 1
0.7531998265706031 0.6780380924702625 0.9993498675960667 0.001233543012528644 1 1
0.7581779160334345 0.6780380225458974 0.9982858788868955 0.001233804943668589 1 1
0.7631569607888995 0.6787623215391458 0.9990038171239355 0.0012351226203868547 1 1
0.7681420124370346 0.6707941549698454 0.9991490759878232 0.0012352967054119778 1 1
0.7731236517365426 0.6707941230373962 0.9989580321425758 0.0012368365924418972 1 1
0.7781021345612574 0.6780379424650239 1.0001937141857795 0.0012342677774807049 1 1
0.783078433977495 0.6889039440604586 0.999222688069269 0.0012315296728385688 1 1
0.7880552357444911 0.674416181266486 0.9980079512204092 0.0012357619989244262 1 1
0.7930331032202498 0.6780380006575333 0.9977427835791587 0.0012341715217610825 1 1
0.7980125436302208 0.6744159758864325 0.9971085362063341 0.0012345728728817879 1 1
0.8029917895130025 0.674416054601151 0.9986667563687944 0.00123476083392224 1 1
0.8079708318803249 0.6787624380024337 0.9974513848033465 0.0012361450125530922 1 1
0.8129528429270388 0.6823842109129046 0.9964010308427917 0.0012344144287590427 1 1
0.817935259484492 0.6780380706103599 0.9971239250409465 0.0012338460405125914 1 1
0.822919444908458 0.6780381099399692 0.9986958873841678 0.0012353544638546957 1 1
0.8278970619382219 1.3401479898063404 0.9963278890848956 0.0012361273372393541 1 1
0.8328851871802105 0.6671718621932937 0.9982973277968216 0.0012369209276114723 1 1
0.8378744353746173 0.6707939146603403 0.9976458035732928 0.001236112328747379 1 1
0.8428633852930539 0.6744159206041178 0.9984493932986331 0.0012375438701217932 1 1
0.8478500706025297 0.6780379395576754 0.9980404264324497 0.0012351195560231303 1 1
0.8528352866424751 0.6780379366588652 1.0003507904601543 0.001234222774827337 1 1
0.8578227840723227 0.6780379380079433 0.9984104743761812 0.0012341943078921617 1 1
0.862810844118177 0.670793887029856 0.9973624490379281 0.0012357951176550403 1 1
0.8678005497350195 0.6671718811543863 0.9998970943366792 0.0012369191051915212 1 1
0.8727893048706556 0.6751403520418213 0.9981320729862992 0.0012362066186633084 1 1
0.8777847898547835 0.6715183637000968 0.9969133946467393 0.001236678689346749 1 1
0.8827812460636562 0.6780378681419243 0.997674015895851 0.0012339424798340909 1 1
0.8877669738676801 0.678037932243054 0.9974546785889833 0.0012349173039558417 1 1
0.8927539306181487 0.6744159147239591 0.9980759137576032 0.0012346030189193543 1 1
0.8977461595424114 0.6642742819835227 0.9980519274882022 0.0012378182235814694 1 1
0.9027406250619943 0.6707939059141024 0.9996534785783517 0.0012362401398615976 1 1
0.9077297550452318 0.6707939234421552 0.9999901052362254 0.0012367438314434766 1 1
0.9127185735061406 0.675140286489152 0.9985552517738109 0.0012352958608281657 1 1
0.9177119108783857 0.6896281148044863 0.9994155200107695 0.0012323836537957518 1 1
0.9227008898942265 0.6707940340679768 0.9994438374878774 0.0012367133431264883 1 1
0.9276941509341062 0.6744158710070002 0.9972757897255382 0.0012347114756678537 1 1
0.9326832931649167 0.6671718053868625 0.9969298465244241 0.0012372220082861709 1 1
0.9376725425437352 0.6707939700593473 0.9990304194880409 0.0012356524198857272 1 1
0.9426611796355028 0.6744159948190634 0.9984492256298799 0.0012348313529084263 1 1
0.9476489657192694 0.670793718083448 0.997877408634515 0.0012408642299194155 1 1
0.9526346614774911 0.6816598361265168 0.9980704804939897 0.0012337372814173128 1 1
0.9576214439593451 0.6744161127680449 0.9984249161495793 0.0012348451116968933 1 1
0.962608588670686 0.6707938039477108 0.9983790552704137 0.0012379863989160518 1 1
0.967598150156422 0.6671718024667062 0.9995710784653095 0.0012373326259310358 1 1
0.9725875070605714 0.6707938709661506 0.9994523347184181 0.0012360136464051325 1 1
0.9775764135900913 0.6744158258854631 0.9995034410404461 0.001235203279192546 1 1
0.9825631262770053 0.6780378667117308 1.0001203556064202 0.001236537451629147 1 1
0.9875484626036711 0.6867305636240852 1.001152902261865 0.0012358898773075836 1 1
0.9925491346112931 0.6707939904136333 1.0002711542741876 0.0012361581666882288 1 1
0.9975407608764157 0.6707938302234248 1.0016521447638775 0.0012364086582443586 1 1
