 2.50  2300.  0.0  2.0   8.0520  -13.6724  11.8044  -3.7943   0.1220   0.0249 PC TESS
 3.00  2300.  0.0  2.0   5.6471   -9.4346   8.5221  -2.8455   0.0849   0.0287 PC TESS
 3.50  2300.  0.0  2.0   3.0914   -4.3558   4.1101  -1.4134   0.0663   0.0131 PC TESS
 4.00  2300.  0.0  2.0   1.5714   -1.3062   1.4753  -0.5608   0.0502   0.0076 PC TESS
 4.50  2300.  0.0  2.0   0.9112   -0.0595   0.4466  -0.2409   0.0398   0.0099 PC TESS
 5.00  2300.  0.0  2.0   0.7988    0.0506   0.3887  -0.2194   0.0299   0.0096 PC TESS
 5.50  2300.  0.0  2.0   0.8619   -0.0862   0.4549  -0.2371   0.0226   0.0135 PC TESS
 6.00  2300.  0.0  2.0   1.0315   -0.5181   0.8878  -0.3994   0.0172   0.0146 PC TESS
 2.50  2400.  0.0  2.0   9.0466  -15.6600  13.4823  -4.3267   0.1238   0.0300 PC TESS
 3.00  2400.  0.0  2.0   5.3161   -8.4930   7.4309  -2.4311   0.0916   0.0179 PC TESS
 3.50  2400.  0.0  2.0   3.8001   -5.6829   5.1819  -1.7551   0.0659   0.0202 PC TESS
 4.00  2400.  0.0  2.0   1.9226   -1.9095   1.9300  -0.7090   0.0494   0.0093 PC TESS
 4.50  2400.  0.0  2.0   0.9551   -0.0103   0.3450  -0.2070   0.0391   0.0069 PC TESS
 5.00  2400.  0.0  2.0   0.5765    0.8042  -0.4065   0.0407   0.0297   0.0094 PC TESS
 5.50  2400.  0.0  2.0   0.6605    0.5005  -0.0848  -0.0758   0.0225   0.0073 PC TESS
 6.00  2400.  0.0  2.0   0.8129    0.1058   0.2709  -0.1929   0.0171   0.0088 PC TESS
 2.50  2500.  0.0  2.0  10.3356  -18.3116  15.7908  -5.0708   0.1272   0.0372 PC TESS
 3.00  2500.  0.0  2.0   6.0465   -9.9610   8.6455  -2.8122   0.0938   0.0210 PC TESS
 3.50  2500.  0.0  2.0   4.1129   -6.1875   5.4661  -1.8177   0.0711   0.0163 PC TESS
 4.00  2500.  0.0  2.0   2.5500   -3.0727   2.8230  -0.9811   0.0492   0.0125 PC TESS
 4.50  2500.  0.0  2.0   1.4243   -0.8156   0.9201  -0.3772   0.0387   0.0075 PC TESS
 5.00  2500.  0.0  2.0   0.5809    0.8503  -0.4692   0.0633   0.0293   0.0058 PC TESS
 5.50  2500.  0.0  2.0   0.3558    1.5133  -1.2283   0.3469   0.0224   0.0093 PC TESS
 6.00  2500.  0.0  2.0   0.6608    0.6503  -0.3423   0.0296   0.0170   0.0063 PC TESS
 2.50  2600.  0.0  2.0  11.5779  -20.9035  18.0945  -5.8207   0.1302   0.0461 PC TESS
 3.00  2600.  0.0  2.0   7.1038  -12.2099  10.6464  -3.4711   0.0970   0.0294 PC TESS
 3.50  2600.  0.0  2.0   4.7601   -7.4939   6.5339  -2.1494   0.0751   0.0179 PC TESS
 4.00  2600.  0.0  2.0   3.1167   -4.1532   3.6404  -1.2219   0.0541   0.0126 PC TESS
 4.50  2600.  0.0  2.0   1.9287   -1.6659   1.4815  -0.5267   0.0380   0.0090 PC TESS
 5.00  2600.  0.0  2.0   0.9552    0.3562  -0.2601   0.0324   0.0291   0.0079 PC TESS
 5.50  2600.  0.0  2.0   0.3688    1.4717  -1.1489   0.3055   0.0221   0.0045 PC TESS
 6.00  2600.  0.0  2.0   0.2621    1.6025  -1.2191   0.3257   0.0168   0.0037 PC TESS
 2.50  2700.  0.0  2.0  10.7050  -18.9900  16.2772  -5.1883   0.1358   0.0337 PC TESS
 3.00  2700.  0.0  2.0   7.4104  -12.8315  11.1482  -3.6211   0.1019   0.0293 PC TESS
 3.50  2700.  0.0  2.0   5.1821   -8.4006   7.2929  -2.3873   0.0775   0.0190 PC TESS
 4.00  2700.  0.0  2.0   3.7063   -5.4029   4.6874  -1.5524   0.0568   0.0146 PC TESS
 4.50  2700.  0.0  2.0   2.6599   -3.1612   2.7021  -0.9062   0.0429   0.0118 PC TESS
 5.00  2700.  0.0  2.0   1.4839   -0.5569   0.3405  -0.1210   0.0286   0.0085 PC TESS
 5.50  2700.  0.0  2.0   0.7309    1.0398  -1.0582   0.3365   0.0218   0.0065 PC TESS
 6.00  2700.  0.0  2.0   0.4352    1.5084  -1.3532   0.4125   0.0166   0.0050 PC TESS
 2.50  2800.  0.0  2.0  10.9016  -19.3268  16.5345  -5.2518   0.1411   0.0320 PC TESS
 3.00  2800.  0.0  2.0   8.2035  -14.4790  12.6156  -4.1007   0.1053   0.0348 PC TESS
 3.50  2800.  0.0  2.0   5.5146   -9.1127   7.8911  -2.5738   0.0818   0.0196 PC TESS
 4.00  2800.  0.0  2.0   4.2460   -6.6105   5.7494  -1.8984   0.0595   0.0172 PC TESS
 4.50  2800.  0.0  2.0   3.3054   -4.6153   3.9799  -1.3219   0.0455   0.0149 PC TESS
 5.00  2800.  0.0  2.0   2.2527   -2.2696   1.8308  -0.6006   0.0322   0.0131 PC TESS
 5.50  2800.  0.0  2.0   1.4458   -0.4517   0.1593  -0.0347   0.0234   0.0102 PC TESS
 2.50  2900.  0.0  2.0  11.8210  -21.2643  18.3178  -5.8405   0.1428   0.0404 PC TESS
 3.00  2900.  0.0  2.0   7.6137  -13.2105  11.4362  -3.6965   0.1066   0.0278 PC TESS
 3.50  2900.  0.0  2.0   5.8962   -9.9857   8.7041  -2.8492   0.0823   0.0246 PC TESS
 4.00  2900.  0.0  2.0   4.3728   -6.9691   6.0729  -2.0045   0.0602   0.0188 PC TESS
 4.50  2900.  0.0  2.0   3.5880   -5.3368   4.6315  -1.5369   0.0453   0.0164 PC TESS
 5.00  2900.  0.0  2.0   2.7760   -3.5241   2.9627  -0.9746   0.0333   0.0166 PC TESS
 5.50  2900.  0.0  2.0   2.0808   -1.9244   1.4859  -0.4740   0.0251   0.0138 PC TESS
 6.00  2900.  0.0  2.0   1.3171   -0.2046  -0.0775   0.0511   0.0184   0.0103 PC TESS
 2.50  3000.  0.0  2.0  12.5544  -22.8503  19.8233  -6.3442   0.1409   0.0493 PC TESS
 3.00  3000.  0.0  2.0   7.1767  -12.3472  10.6988  -3.4574   0.1045   0.0262 PC TESS
 3.50  3000.  0.0  2.0   5.6322   -9.4837   8.2666  -2.7051   0.0808   0.0238 PC TESS
 4.00  3000.  0.0  2.0   4.2319   -6.7270   5.8409  -1.9211   0.0601   0.0173 PC TESS
 4.50  3000.  0.0  2.0   3.6920   -5.6603   4.9253  -1.6321   0.0463   0.0168 PC TESS
 5.50  3000.  0.0  2.0   2.5531   -3.1424   2.6424  -0.8706   0.0253   0.0174 PC TESS
 6.00  3000.  0.0  2.0   1.8983   -1.6332   1.2502  -0.3990   0.0183   0.0146 PC TESS
 2.50  3100.  0.0  2.0  10.2459  -18.1921  15.7408  -4.9944   0.1412   0.0331 PC TESS
 3.00  3100.  0.0  2.0   7.0225  -11.9990  10.3770  -3.3397   0.1050   0.0251 PC TESS
 3.50  3100.  0.0  2.0   5.4967   -9.1622   7.9417  -2.5823   0.0830   0.0205 PC TESS
 4.00  3100.  0.0  2.0   4.3594   -7.0504   6.1492  -2.0244   0.0620   0.0183 PC TESS
 4.50  3100.  0.0  2.0   3.7017   -5.7702   5.0384  -1.6704   0.0473   0.0168 PC TESS
 5.00  3100.  0.0  2.0   3.1474   -4.6183   4.0145  -1.3355   0.0346   0.0190 PC TESS
 5.50  3100.  0.0  2.0   2.7998   -3.8591   3.3504  -1.1206   0.0256   0.0199 PC TESS
 6.00  3100.  0.0  2.0   2.3606   -2.8408   2.4209  -0.8093   0.0191   0.0186 PC TESS
 2.50  3200.  0.0  2.0  11.7241  -21.2199  18.3179  -5.7905   0.1443   0.0382 PC TESS
 3.00  3200.  0.0  2.0   7.4511  -12.8936  11.1929  -3.5941   0.1083   0.0290 PC TESS
 3.50  3200.  0.0  2.0   5.8825   -9.9744   8.6849  -2.8224   0.0872   0.0228 PC TESS
 4.00  3200.  0.0  2.0   4.3777   -7.1041   6.1967  -2.0344   0.0651   0.0173 PC TESS
 4.50  3200.  0.0  2.0   3.7466   -5.9327   5.2028  -1.7266   0.0495   0.0169 PC TESS
 5.00  3200.  0.0  2.0   3.1872   -4.8163   4.2255  -1.4121   0.0359   0.0189 PC TESS
 5.50  3200.  0.0  2.0   2.8617   -4.1337   3.6369  -1.2250   0.0262   0.0210 PC TESS
 6.00  3200.  0.0  2.0   2.5104   -3.3440   2.9433  -1.0013   0.0193   0.0206 PC TESS
 2.50  3300.  0.0  2.0  14.0914  -25.8500  22.1870  -6.9677   0.1569   0.0457 PC TESS
 3.00  3300.  0.0  2.0   7.6605  -13.3897  11.6345  -3.7103   0.1151   0.0283 PC TESS
 3.50  3300.  0.0  2.0   5.8163   -9.8695   8.6039  -2.7846   0.0899   0.0208 PC TESS
 4.00  3300.  0.0  2.0   4.3975   -7.2105   6.3353  -2.0849   0.0669   0.0178 PC TESS
 4.50  3300.  0.0  2.0   3.7260   -5.9565   5.2582  -1.7506   0.0515   0.0168 PC TESS
 5.00  3300.  0.0  2.0   3.1117   -4.7279   4.1647  -1.3953   0.0373   0.0185 PC TESS
 5.50  3300.  0.0  2.0   2.8045   -4.1131   3.6442  -1.2341   0.0271   0.0208 PC TESS
 6.00  3300.  0.0  2.0   2.5437   -3.5278   3.1306  -1.0701   0.0197   0.0216 PC TESS
 2.50  3400.  0.0  2.0  13.3015  -24.2640  20.6987  -6.4396   0.1648   0.0360 PC TESS
 3.00  3400.  0.0  2.0   7.3971  -13.0732  11.3910  -3.6100   0.1200   0.0237 PC TESS
 3.50  3400.  0.0  2.0   5.7630   -9.9336   8.7568  -2.8414   0.0917   0.0226 PC TESS
 4.00  3400.  0.0  2.0   4.2466   -6.9870   6.1939  -2.0457   0.0679   0.0174 PC TESS
 4.50  3400.  0.0  2.0   3.5849   -5.7189   5.0782  -1.6965   0.0523   0.0164 PC TESS
 5.00  3400.  0.0  2.0   2.9995   -4.5420   4.0128  -1.3478   0.0384   0.0173 PC TESS
 5.50  3400.  0.0  2.0   2.7055   -3.9514   3.4974  -1.1851   0.0278   0.0198 PC TESS
 6.00  3400.  0.0  2.0   2.5159   -3.5309   3.1307  -1.0708   0.0202   0.0211 PC TESS
 2.50  3500.  0.0  2.0  12.0080  -21.8368  18.6204  -5.7603   0.1681   0.0296 PC TESS
 3.00  3500.  0.0  2.0   6.7760  -12.0507  10.5946  -3.3486   0.1224   0.0208 PC TESS
 3.50  3500.  0.0  2.0   5.2094   -8.9777   7.9845  -2.5864   0.0940   0.0193 PC TESS
 4.00  3500.  0.0  2.0   3.9533   -6.4793   5.7949  -1.9187   0.0694   0.0166 PC TESS
 4.50  3500.  0.0  2.0   3.3443   -5.2606   4.6881  -1.5689   0.0534   0.0151 PC TESS
 5.00  3500.  0.0  2.0   2.8284   -4.2140   3.7248  -1.2529   0.0392   0.0160 PC TESS
 5.50  3500.  0.0  2.0   2.6041   -3.7659   3.3218  -1.1247   0.0284   0.0186 PC TESS
 6.00  3500.  0.0  2.0   2.4617   -3.4576   3.0495  -1.0397   0.0206   0.0206 PC TESS
 2.50  3600.  0.0  2.0   9.9044  -17.8242  15.2278  -4.6817   0.1706   0.0196 PC TESS
 3.00  3600.  0.0  2.0   6.3336  -11.5007  10.3016  -3.2717   0.1237   0.0210 PC TESS
 3.50  3600.  0.0  2.0   4.7243   -8.1602   7.3461  -2.3755   0.0948   0.0177 PC TESS
 4.00  3600.  0.0  2.0   3.5730   -5.7741   5.2062  -1.7227   0.0701   0.0149 PC TESS
 4.50  3600.  0.0  2.0   3.0820   -4.7532   4.2544  -1.4266   0.0534   0.0137 PC TESS
 5.00  3600.  0.0  2.0   2.6594   -3.8841   3.4377  -1.1593   0.0393   0.0146 PC TESS
 5.50  3600.  0.0  2.0   2.4586   -3.4702   3.0447  -1.0300   0.0288   0.0173 PC TESS
 6.00  3600.  0.0  2.0   2.3955   -3.3298   2.9098  -0.9875   0.0210   0.0196 PC TESS
 2.50  3700.  0.0  2.0   9.2659  -16.7281  14.4155  -4.4526   0.1703   0.0188 PC TESS
 3.00  3700.  0.0  2.0   6.0500  -11.0474   9.9510  -3.1501   0.1249   0.0194 PC TESS
 3.50  3700.  0.0  2.0   4.1366   -7.1483   6.5625  -2.1229   0.0950   0.0160 PC TESS
 4.00  3700.  0.0  2.0   3.2100   -5.1044   4.6550  -1.5368   0.0703   0.0127 PC TESS
 4.50  3700.  0.0  2.0   2.8705   -4.3534   3.9243  -1.3193   0.0537   0.0128 PC TESS
 5.00  3700.  0.0  2.0   2.4818   -3.5131   3.1019  -1.0465   0.0395   0.0136 PC TESS
 5.50  3700.  0.0  2.0   2.2948   -3.1191   2.7081  -0.9129   0.0288   0.0162 PC TESS
 6.00  3700.  0.0  2.0   2.2897   -3.1074   2.6863  -0.9074   0.0212   0.0184 PC TESS
 2.50  3800.  0.0  2.0   9.2827  -16.8771  14.6712  -4.5738   0.1696   0.0220 PC TESS
 3.00  3800.  0.0  2.0   5.5976  -10.1718   9.2296  -2.9286   0.1245   0.0171 PC TESS
 3.50  3800.  0.0  2.0   3.7200   -6.4246   6.0079  -1.9442   0.0958   0.0134 PC TESS
 4.00  3800.  0.0  2.0   2.8768   -4.5151   4.2024  -1.3876   0.0701   0.0115 PC TESS
 4.50  3800.  0.0  2.0   2.6699   -3.9680   3.6050  -1.2118   0.0537   0.0119 PC TESS
 5.00  3800.  0.0  2.0   2.3114   -3.1616   2.7840  -0.9379   0.0397   0.0125 PC TESS
 5.50  3800.  0.0  2.0   2.1771   -2.8659   2.4640  -0.8270   0.0289   0.0150 PC TESS
 6.00  3800.  0.0  2.0   2.1867   -2.8890   2.4649  -0.8264   0.0213   0.0174 PC TESS
 2.50  3900.  0.0  2.0   8.2199  -14.6752  12.7434  -3.9648   0.1701   0.0157 PC TESS
 3.00  3900.  0.0  2.0   5.0487   -9.0672   8.3001  -2.6485   0.1253   0.0154 PC TESS
 3.50  3900.  0.0  2.0   3.2754   -5.7335   5.5503  -1.8206   0.0955   0.0122 PC TESS
 4.00  3900.  0.0  2.0   2.6291   -4.1416   3.9568  -1.3102   0.0699   0.0113 PC TESS
 4.50  3900.  0.0  2.0   2.3774   -3.4013   3.1209  -1.0438   0.0542   0.0103 PC TESS
 5.00  3900.  0.0  2.0   2.2055   -2.9435   2.5915  -0.8691   0.0396   0.0116 PC TESS
 5.50  3900.  0.0  2.0   2.0561   -2.6118   2.2225  -0.7409   0.0289   0.0139 PC TESS
 6.00  3900.  0.0  2.0   2.0831   -2.6721   2.2510  -0.7490   0.0214   0.0163 PC TESS
 2.50  4000.  0.0  2.0   8.7869  -15.7844  13.7211  -4.2946   0.1688   0.0192 PC TESS
 3.00  4000.  0.0  2.0   5.1755   -9.2882   8.5017  -2.7274   0.1244   0.0164 PC TESS
 3.50  4000.  0.0  2.0   3.6047   -6.4126   6.1535  -2.0123   0.0949   0.0133 PC TESS
 4.00  4000.  0.0  2.0   2.3812   -3.7310   3.6625  -1.2140   0.0695   0.0102 PC TESS
 4.50  4000.  0.0  2.0   2.2237   -3.1569   2.9513  -0.9816   0.0539   0.0096 PC TESS
 5.00  4000.  0.0  2.0   2.0505   -2.6605   2.3587  -0.7862   0.0394   0.0108 PC TESS
 5.50  4000.  0.0  2.0   1.9511   -2.4003   2.0308  -0.6718   0.0289   0.0132 PC TESS
 6.00  4000.  0.0  2.0   1.9437   -2.4038   2.0061  -0.6637   0.0214   0.0148 PC TESS
 2.50  4100.  0.0  2.0   8.9861  -16.1673  14.0533  -4.4107   0.1673   0.0203 PC TESS
 3.00  4100.  0.0  2.0   5.7488  -10.4312   9.5133  -3.0671   0.1233   0.0191 PC TESS
 3.50  4100.  0.0  2.0   3.7021   -6.5625   6.2679  -2.0544   0.0942   0.0143 PC TESS
 4.00  4100.  0.0  2.0   2.2397   -3.5973   3.6658  -1.2344   0.0691   0.0106 PC TESS
 4.50  4100.  0.0  2.0   1.9393   -2.6425   2.5569  -0.8485   0.0535   0.0084 PC TESS
 5.00  4100.  0.0  2.0   1.8912   -2.3951   2.1690  -0.7202   0.0392   0.0097 PC TESS
 5.50  4100.  0.0  2.0   1.8800   -2.2903   1.9611  -0.6483   0.0291   0.0125 PC TESS
 6.00  4100.  0.0  2.0   1.8325   -2.1785   1.8016  -0.5915   0.0214   0.0139 PC TESS
 2.50  4200.  0.0  2.0   8.9087  -16.0202  13.9320  -4.3817   0.1658   0.0205 PC TESS
 3.00  4200.  0.0  2.0   5.5669  -10.0375   9.1511  -2.9537   0.1223   0.0175 PC TESS
 3.50  4200.  0.0  2.0   3.6482   -6.4271   6.1350  -2.0157   0.0945   0.0138 PC TESS
 4.00  4200.  0.0  2.0   2.5339   -4.3600   4.4496  -1.5090   0.0694   0.0114 PC TESS
 4.50  4200.  0.0  2.0   1.8409   -2.6093   2.6434  -0.8887   0.0532   0.0085 PC TESS
 5.00  4200.  0.0  2.0   1.7460   -2.1864   2.0548  -0.6830   0.0390   0.0093 PC TESS
 5.50  4200.  0.0  2.0   1.5968   -1.7779   1.5502  -0.5124   0.0291   0.0105 PC TESS
 6.00  4200.  0.0  2.0   1.7349   -2.0148   1.6836  -0.5543   0.0214   0.0130 PC TESS
 2.50  4300.  0.0  2.0   9.0194  -16.2376  14.1177  -4.4478   0.1643   0.0215 PC TESS
 3.00  4300.  0.0  2.0   5.4757   -9.8458   8.9781  -2.9039   0.1213   0.0175 PC TESS
 3.50  4300.  0.0  2.0   3.6151   -6.3619   6.0824  -2.0076   0.0938   0.0140 PC TESS
 4.00  4300.  0.0  2.0   2.5708   -4.4120   4.4626  -1.5061   0.0689   0.0114 PC TESS
 4.50  4300.  0.0  2.0   1.7999   -2.6968   2.8655  -0.9885   0.0528   0.0095 PC TESS
 5.00  4300.  0.0  2.0   1.5555   -1.8725   1.8565  -0.6216   0.0387   0.0085 PC TESS
 5.50  4300.  0.0  2.0   1.6430   -1.9062   1.7199  -0.5693   0.0288   0.0109 PC TESS
 6.00  4300.  0.0  2.0   1.6167   -1.8187   1.5513  -0.5139   0.0213   0.0124 PC TESS
 2.50  4400.  0.0  2.0   9.1289  -16.4379  14.2759  -4.5011   0.1630   0.0220 PC TESS
 3.00  4400.  0.0  2.0   5.5820  -10.0748   9.1906  -2.9829   0.1203   0.0194 PC TESS
 3.50  4400.  0.0  2.0   3.5981   -6.3312   6.0584  -2.0074   0.0932   0.0141 PC TESS
 4.00  4400.  0.0  2.0   2.5724   -4.4162   4.4675  -1.5137   0.0685   0.0123 PC TESS
 4.50  4400.  0.0  2.0   1.9561   -3.2347   3.4959  -1.2260   0.0526   0.0105 PC TESS
 5.00  4400.  0.0  2.0   1.3510   -1.6381   1.7858  -0.6186   0.0390   0.0080 PC TESS
 5.50  4400.  0.0  2.0   1.4865   -1.6973   1.6282  -0.5474   0.0287   0.0102 PC TESS
 6.00  4400.  0.0  2.0   1.4840   -1.5363   1.3182  -0.4321   0.0212   0.0112 PC TESS
 2.50  4500.  0.0  2.0   8.6835  -15.5075  13.4282  -4.2243   0.1619   0.0186 PC TESS
 3.00  4500.  0.0  2.0   5.1854   -9.2350   8.4149  -2.7271   0.1195   0.0162 PC TESS
 3.50  4500.  0.0  2.0   3.6370   -6.4122   6.1327  -2.0393   0.0926   0.0149 PC TESS
 4.00  4500.  0.0  2.0   2.5016   -4.2640   4.3282  -1.4739   0.0681   0.0121 PC TESS
 4.50  4500.  0.0  2.0   1.9535   -3.2111   3.4385  -1.1957   0.0523   0.0098 PC TESS
 5.00  4500.  0.0  2.0   1.3574   -1.8019   2.0760  -0.7447   0.0388   0.0092 PC TESS
 5.50  4500.  0.0  2.0   1.3189   -1.4253   1.4717  -0.5046   0.0285   0.0092 PC TESS
 6.00  4500.  0.0  2.0   1.3509   -1.3442   1.2235  -0.4078   0.0212   0.0103 PC TESS
 2.50  4600.  0.0  2.0   8.7240  -15.5841  13.4841  -4.2446   0.1610   0.0188 PC TESS
 3.00  4600.  0.0  2.0   5.5547  -10.0048   9.1163  -2.9688   0.1188   0.0193 PC TESS
 3.50  4600.  0.0  2.0   3.4983   -6.0958   5.8240  -1.9370   0.0922   0.0137 PC TESS
 4.00  4600.  0.0  2.0   2.4817   -4.2099   4.2705  -1.4591   0.0679   0.0121 PC TESS
 4.50  4600.  0.0  2.0   1.8754   -3.0350   3.2719  -1.1452   0.0528   0.0095 PC TESS
 5.00  4600.  0.0  2.0   1.4673   -2.2346   2.6174  -0.9580   0.0387   0.0100 PC TESS
 5.50  4600.  0.0  2.0   1.1750   -1.2897   1.4912  -0.5374   0.0285   0.0090 PC TESS
 6.00  4600.  0.0  2.0   1.2476   -1.2186   1.1998  -0.4097   0.0211   0.0099 PC TESS
 2.50  4700.  0.0  2.0   9.1570  -16.5035  14.3136  -4.5229   0.1607   0.0223 PC TESS
 3.00  4700.  0.0  2.0   5.5607  -10.0102   9.1087  -2.9679   0.1185   0.0192 PC TESS
 3.50  4700.  0.0  2.0   3.6038   -6.3120   6.0136  -2.0043   0.0921   0.0147 PC TESS
 4.00  4700.  0.0  2.0   2.4517   -4.1291   4.1825  -1.4320   0.0678   0.0119 PC TESS
 4.50  4700.  0.0  2.0   1.8765   -3.0237   3.2533  -1.1435   0.0529   0.0095 PC TESS
 5.00  4700.  0.0  2.0   1.5260   -2.3718   2.7345  -0.9935   0.0388   0.0096 PC TESS
 5.50  4700.  0.0  2.0   1.1600   -1.4148   1.7535  -0.6594   0.0284   0.0098 PC TESS
 6.00  4700.  0.0  2.0   1.1185   -1.0192   1.1111  -0.3943   0.0213   0.0091 PC TESS
 2.50  4800.  0.0  2.0   8.8013  -15.7777  13.6666  -4.3161   0.1607   0.0192 PC TESS
 3.00  4800.  0.0  2.0   5.6193  -10.1225   9.1945  -2.9965   0.1190   0.0193 PC TESS
 3.50  4800.  0.0  2.0   3.6239   -6.3373   6.0178  -2.0056   0.0924   0.0145 PC TESS
 4.00  4800.  0.0  2.0   2.4631   -4.1359   4.1727  -1.4300   0.0682   0.0118 PC TESS
 4.50  4800.  0.0  2.0   1.8942   -3.0483   3.2667  -1.1520   0.0532   0.0096 PC TESS
 5.00  4800.  0.0  2.0   1.4899   -2.2630   2.6019  -0.9428   0.0390   0.0095 PC TESS
 5.50  4800.  0.0  2.0   1.1637   -1.6074   2.0737  -0.8010   0.0286   0.0102 PC TESS
 6.00  4800.  0.0  2.0   0.9342   -0.7861   1.0393  -0.3998   0.0215   0.0082 PC TESS
 2.50  4900.  0.0  2.0   9.5285  -17.2492  14.9557  -4.7364   0.1620   0.0232 PC TESS
 3.00  4900.  0.0  2.0   5.6893  -10.2520   9.2914  -3.0274   0.1199   0.0191 PC TESS
 3.50  4900.  0.0  2.0   3.6013   -6.2667   5.9285  -1.9733   0.0933   0.0134 PC TESS
 4.00  4900.  0.0  2.0   2.4397   -4.0784   4.1070  -1.4093   0.0690   0.0117 PC TESS
 4.50  4900.  0.0  2.0   1.9038   -3.0541   3.2631  -1.1551   0.0537   0.0098 PC TESS
 5.00  4900.  0.0  2.0   1.4916   -2.2521   2.5836  -0.9411   0.0393   0.0097 PC TESS
 5.50  4900.  0.0  2.0   1.3128   -1.9625   2.4104  -0.9150   0.0288   0.0103 PC TESS
 6.00  4900.  0.0  2.0   1.0475   -1.1610   1.5182  -0.5950   0.0214   0.0103 PC TESS
 2.50  5100.  0.0  2.0   9.9887  -17.9359  15.3611  -4.8184   0.1745   0.0190 PC TESS
 3.00  5100.  0.0  2.0   6.1351  -11.0800   9.9346  -3.2156   0.1290   0.0186 PC TESS
 3.50  5100.  0.0  2.0   3.7835   -6.6252   6.2037  -2.0554   0.1002   0.0133 PC TESS
 4.00  5100.  0.0  2.0   2.6711   -4.5533   4.5199  -1.5541   0.0741   0.0113 PC TESS
 4.50  5100.  0.0  2.0   2.0040   -3.2580   3.4237  -1.2120   0.0579   0.0100 PC TESS
 5.00  5100.  0.0  2.0   1.5681   -2.4083   2.7066  -0.9885   0.0426   0.0099 PC TESS
 5.50  5100.  0.0  2.0   1.2801   -1.8700   2.2737  -0.8594   0.0315   0.0095 PC TESS
 6.00  5100.  0.0  2.0   1.1321   -1.5792   2.0649  -0.8187   0.0234   0.0107 PC TESS
 2.50  5200.  0.0  2.0   9.9775  -17.9165  15.3387  -4.8119   0.1747   0.0188 PC TESS
 3.00  5200.  0.0  2.0   5.8491  -10.4764   9.3745  -3.0284   0.1294   0.0163 PC TESS
 3.50  5200.  0.0  2.0   3.8546   -6.7857   6.3476  -2.1050   0.1006   0.0141 PC TESS
 4.00  5200.  0.0  2.0   2.7152   -4.6554   4.6136  -1.5898   0.0743   0.0118 PC TESS
 4.50  5200.  0.0  2.0   2.0046   -3.2580   3.4167  -1.2121   0.0581   0.0100 PC TESS
 5.00  5200.  0.0  2.0   1.5694   -2.4049   2.6942  -0.9867   0.0428   0.0099 PC TESS
 5.50  5200.  0.0  2.0   1.2693   -1.8354   2.2298  -0.8466   0.0316   0.0094 PC TESS
 6.00  5200.  0.0  2.0   1.1586   -1.6321   2.1088  -0.8366   0.0234   0.0107 PC TESS
 2.50  5300.  0.0  2.0  10.1010  -18.1353  15.5059  -4.8635   0.1761   0.0187 PC TESS
 3.00  5300.  0.0  2.0   5.9832  -10.7907   9.6745  -3.1342   0.1301   0.0179 PC TESS
 3.50  5300.  0.0  2.0   3.9719   -7.0435   6.6072  -2.2095   0.1012   0.0140 PC TESS
 4.00  5300.  0.0  2.0   2.7096   -4.6488   4.6054  -1.5902   0.0747   0.0117 PC TESS
 4.50  5300.  0.0  2.0   2.0032   -3.2558   3.4081  -1.2113   0.0583   0.0101 PC TESS
 5.00  5300.  0.0  2.0   1.5561   -2.3771   2.6627  -0.9789   0.0430   0.0098 PC TESS
 5.50  5300.  0.0  2.0   1.3315   -1.9834   2.3926  -0.9190   0.0316   0.0102 PC TESS
 6.00  5300.  0.0  2.0   1.1249   -1.5491   2.0215  -0.8102   0.0236   0.0106 PC TESS
 2.50  5400.  0.0  2.0  10.1605  -18.2440  15.5873  -4.8881   0.1767   0.0187 PC TESS
 3.00  5400.  0.0  2.0   6.0285  -10.8726   9.7326  -3.1519   0.1309   0.0178 PC TESS
 3.50  5400.  0.0  2.0   3.8387   -6.7740   6.3623  -2.1305   0.1017   0.0128 PC TESS
 4.00  5400.  0.0  2.0   2.6598   -4.5491   4.5110  -1.5608   0.0753   0.0112 PC TESS
 4.50  5400.  0.0  2.0   2.0130   -3.2829   3.4309  -1.2220   0.0587   0.0101 PC TESS
 5.00  5400.  0.0  2.0   1.5208   -2.3093   2.5961  -0.9589   0.0433   0.0095 PC TESS
 5.50  5400.  0.0  2.0   1.2943   -1.8699   2.2651  -0.8809   0.0319   0.0104 PC TESS
 6.00  5400.  0.0  2.0   1.1137   -1.5141   1.9780  -0.7985   0.0237   0.0106 PC TESS
 2.50  5500.  0.0  2.0  11.0163  -19.9145  17.0144  -5.3427   0.1797   0.0218 PC TESS
 3.00  5500.  0.0  2.0   6.2657  -11.2955  10.0605  -3.2509   0.1343   0.0179 PC TESS
 3.50  5500.  0.0  2.0   4.0536   -7.2176   6.7569  -2.2631   0.1035   0.0138 PC TESS
 4.00  5500.  0.0  2.0   2.7061   -4.6439   4.5898  -1.5882   0.0763   0.0113 PC TESS
 4.50  5500.  0.0  2.0   1.9931   -3.2442   3.3885  -1.2088   0.0594   0.0099 PC TESS
 5.00  5500.  0.0  2.0   1.5228   -2.3144   2.5942  -0.9599   0.0437   0.0094 PC TESS
 5.50  5500.  0.0  2.0   1.3050   -1.8877   2.2725  -0.8860   0.0320   0.0106 PC TESS
 6.00  5500.  0.0  2.0   1.1015   -1.4774   1.9324  -0.7854   0.0238   0.0106 PC TESS
 2.50  5600.  0.0  2.0  11.4001  -20.5953  17.5428  -5.4982   0.1827   0.0218 PC TESS
 3.00  5600.  0.0  2.0   6.0396  -10.8644   9.7219  -3.1613   0.1364   0.0147 PC TESS
 3.50  5600.  0.0  2.0   4.0485   -7.1977   6.7271  -2.2527   0.1045   0.0131 PC TESS
 4.00  5600.  0.0  2.0   2.7702   -4.7891   4.7236  -1.6361   0.0770   0.0117 PC TESS
 4.50  5600.  0.0  2.0   1.9894   -3.2404   3.3812  -1.2083   0.0599   0.0099 PC TESS
 5.00  5600.  0.0  2.0   1.5527   -2.3790   2.6736  -1.0074   0.0440   0.0105 PC TESS
 5.50  5600.  0.0  2.0   1.2749   -1.8248   2.2099  -0.8687   0.0323   0.0105 PC TESS
 6.00  5600.  0.0  2.0   1.0873   -1.4378   1.8835  -0.7707   0.0240   0.0106 PC TESS
 2.50  5700.  0.0  2.0  11.4476  -20.6301  17.5349  -5.4907   0.1854   0.0214 PC TESS
 3.00  5700.  0.0  2.0   6.4352  -11.6757  10.4404  -3.3977   0.1366   0.0174 PC TESS
 3.50  5700.  0.0  2.0   4.1672   -7.4536   6.9587  -2.3318   0.1054   0.0138 PC TESS
 4.00  5700.  0.0  2.0   2.6774   -4.5862   4.5256  -1.5687   0.0776   0.0110 PC TESS
 4.50  5700.  0.0  2.0   1.9813   -3.2206   3.3541  -1.1994   0.0603   0.0099 PC TESS
 5.00  5700.  0.0  2.0   1.5465   -2.3679   2.6597  -1.0059   0.0442   0.0106 PC TESS
 5.50  5700.  0.0  2.0   1.2595   -1.7900   2.1705  -0.8578   0.0325   0.0105 PC TESS
 6.00  5700.  0.0  2.0   1.0734   -1.4031   1.8419  -0.7588   0.0241   0.0106 PC TESS
 2.50  5800.  0.0  2.0  11.7519  -21.1769  17.9925  -5.6419   0.1905   0.0187 PC TESS
 3.00  5800.  0.0  2.0   6.3501  -11.4614  10.2175  -3.3192   0.1395   0.0152 PC TESS
 3.50  5800.  0.0  2.0   4.2849   -7.6892   7.1651  -2.4005   0.1072   0.0141 PC TESS
 4.00  5800.  0.0  2.0   2.6990   -4.6325   4.5610  -1.5807   0.0782   0.0112 PC TESS
 4.50  5800.  0.0  2.0   2.0364   -3.3469   3.4953  -1.2676   0.0606   0.0110 PC TESS
 5.00  5800.  0.0  2.0   1.5455   -2.3684   2.6560  -1.0073   0.0445   0.0107 PC TESS
 5.50  5800.  0.0  2.0   1.2472   -1.7633   2.1392  -0.8496   0.0326   0.0105 PC TESS
 6.00  5800.  0.0  2.0   1.0529   -1.3548   1.7870  -0.7417   0.0242   0.0105 PC TESS
 2.50  5900.  0.0  2.0  11.9697  -21.5790  18.3172  -5.7434   0.1920   0.0186 PC TESS
 3.00  5900.  0.0  2.0   6.6338  -12.0425  10.7323  -3.4901   0.1406   0.0163 PC TESS
 3.50  5900.  0.0  2.0   4.2553   -7.6209   7.0869  -2.3728   0.1072   0.0137 PC TESS
 4.00  5900.  0.0  2.0   2.7212   -4.6845   4.6058  -1.5972   0.0787   0.0114 PC TESS
 4.50  5900.  0.0  2.0   2.0115   -3.2989   3.4531  -1.2560   0.0611   0.0112 PC TESS
 5.00  5900.  0.0  2.0   1.5475   -2.3779   2.6626  -1.0123   0.0447   0.0108 PC TESS
 5.50  5900.  0.0  2.0   1.2408   -1.7606   2.1412  -0.8540   0.0327   0.0106 PC TESS
 6.00  5900.  0.0  2.0   1.0308   -1.3088   1.7378  -0.7271   0.0243   0.0104 PC TESS
 2.50  6000.  0.0  2.0  12.4660  -22.5908  19.2034  -6.0303   0.1912   0.0210 PC TESS
 3.00  6000.  0.0  2.0   6.6719  -12.1054  10.7714  -3.5005   0.1416   0.0162 PC TESS
 3.50  6000.  0.0  2.0   4.2621   -7.6368   7.0966  -2.3768   0.1079   0.0136 PC TESS
 4.00  6000.  0.0  2.0   2.7889   -4.8394   4.7499  -1.6483   0.0792   0.0117 PC TESS
 4.50  6000.  0.0  2.0   2.0330   -3.3425   3.4805  -1.2652   0.0613   0.0115 PC TESS
 5.00  6000.  0.0  2.0   1.5403   -2.3684   2.6510  -1.0105   0.0449   0.0108 PC TESS
 5.50  6000.  0.0  2.0   1.2245   -1.7250   2.0971  -0.8404   0.0329   0.0106 PC TESS
 6.00  6000.  0.0  2.0   1.0192   -1.2890   1.7179  -0.7226   0.0243   0.0105 PC TESS
 2.50  6100.  0.0  2.0  12.9284  -23.3719  19.7834  -6.1949   0.1954   0.0209 PC TESS
 3.00  6100.  0.0  2.0   6.6036  -11.9344  10.5904  -3.4356   0.1427   0.0155 PC TESS
 3.50  6100.  0.0  2.0   4.3025   -7.7140   7.1578  -2.3967   0.1090   0.0137 PC TESS
 4.00  6100.  0.0  2.0   2.8025   -4.8730   4.7808  -1.6599   0.0797   0.0117 PC TESS
 4.50  6100.  0.0  2.0   2.0591   -3.4097   3.5462  -1.2913   0.0616   0.0117 PC TESS
 5.00  6100.  0.0  2.0   1.5362   -2.3695   2.6563  -1.0156   0.0451   0.0110 PC TESS
 5.50  6100.  0.0  2.0   1.2232   -1.7249   2.0916  -0.8400   0.0331   0.0107 PC TESS
 6.00  6100.  0.0  2.0   0.9207   -0.9837   1.3640  -0.5944   0.0244   0.0110 PC TESS
 2.50  6200.  0.0  2.0  12.2013  -21.9585  18.5690  -5.8097   0.1937   0.0185 PC TESS
 3.00  6200.  0.0  2.0   6.8420  -12.4000  10.9838  -3.5613   0.1439   0.0165 PC TESS
 3.50  6200.  0.0  2.0   4.4005   -7.9170   7.3301  -2.4525   0.1095   0.0142 PC TESS
 4.00  6200.  0.0  2.0   2.7741   -4.8092   4.7106  -1.6346   0.0802   0.0117 PC TESS
 4.50  6200.  0.0  2.0   2.0713   -3.4454   3.5796  -1.3050   0.0619   0.0118 PC TESS
 5.00  6200.  0.0  2.0   1.5420   -2.3887   2.6721  -1.0230   0.0453   0.0112 PC TESS
 5.50  6200.  0.0  2.0   1.1637   -1.5299   1.8648  -0.7601   0.0332   0.0115 PC TESS
 6.00  6200.  0.0  2.0   0.9038   -0.9176   1.2668  -0.5561   0.0245   0.0111 PC TESS
 2.50  6300.  0.0  2.0  12.7567  -22.8905  19.2561  -6.0033   0.1990   0.0186 PC TESS
 3.00  6300.  0.0  2.0   6.8655  -12.4142  10.9678  -3.5510   0.1455   0.0164 PC TESS
 3.50  6300.  0.0  2.0   4.2912   -7.6616   7.0747  -2.3633   0.1112   0.0136 PC TESS
 4.00  6300.  0.0  2.0   2.7899   -4.8397   4.7251  -1.6374   0.0807   0.0119 PC TESS
 4.50  6300.  0.0  2.0   2.0842   -3.4814   3.6156  -1.3197   0.0624   0.0119 PC TESS
 5.00  6300.  0.0  2.0   1.5354   -2.3894   2.6718  -1.0250   0.0457   0.0111 PC TESS
 5.50  6300.  0.0  2.0   1.1414   -1.4517   1.7565  -0.7171   0.0333   0.0116 PC TESS
 6.00  6300.  0.0  2.0   0.8948   -0.8870   1.2206  -0.5390   0.0246   0.0112 PC TESS
 2.50  6400.  0.0  2.0  12.7691  -23.0007  19.4048  -6.0655   0.1960   0.0204 PC TESS
 3.00  6400.  0.0  2.0   7.0961  -12.8584  11.3391  -3.6690   0.1458   0.0174 PC TESS
 3.50  6400.  0.0  2.0   4.2918   -7.6480   7.0429  -2.3491   0.1119   0.0138 PC TESS
 4.00  6400.  0.0  2.0   2.8303   -4.9215   4.7890  -1.6570   0.0814   0.0122 PC TESS
 4.50  6400.  0.0  2.0   2.0947   -3.5095   3.6341  -1.3251   0.0629   0.0120 PC TESS
 5.00  6400.  0.0  2.0   1.5758   -2.4845   2.7590  -1.0560   0.0460   0.0115 PC TESS
 5.50  6400.  0.0  2.0   1.1405   -1.4472   1.7392  -0.7105   0.0337   0.0117 PC TESS
 6.00  6400.  0.0  2.0   0.8930   -0.8771   1.1975  -0.5303   0.0248   0.0113 PC TESS
 2.50  6500.  0.0  2.0  12.2815  -21.9810  18.4795  -5.7618   0.1971   0.0184 PC TESS
 3.00  6500.  0.0  2.0   6.9781  -12.5745  11.0510  -3.5679   0.1471   0.0165 PC TESS
 3.50  6500.  0.0  2.0   4.3673   -7.7732   7.1277  -2.3723   0.1140   0.0140 PC TESS
 4.00  6500.  0.0  2.0   2.8421   -4.9306   4.7782  -1.6497   0.0823   0.0125 PC TESS
 4.50  6500.  0.0  2.0   2.0828   -3.4734   3.5849  -1.3048   0.0636   0.0125 PC TESS
 5.00  6500.  0.0  2.0   1.5844   -2.5093   2.7784  -1.0628   0.0464   0.0116 PC TESS
 5.50  6500.  0.0  2.0   1.1385   -1.4458   1.7335  -0.7091   0.0338   0.0118 PC TESS
 6.00  6500.  0.0  2.0   0.8984   -0.9046   1.2230  -0.5407   0.0249   0.0115 PC TESS
 2.50  6600.  0.0  2.0  11.9159  -21.2636  17.8569  -5.5655   0.1970   0.0183 PC TESS
 3.00  6600.  0.0  2.0   7.1703  -12.9435  11.3574  -3.6651   0.1480   0.0175 PC TESS
 3.50  6600.  0.0  2.0   4.4314   -7.8963   7.2254  -2.4030   0.1144   0.0145 PC TESS
 4.00  6600.  0.0  2.0   2.8664   -4.9817   4.8199  -1.6647   0.0834   0.0125 PC TESS
 4.50  6600.  0.0  2.0   2.1370   -3.6035   3.7115  -1.3521   0.0642   0.0126 PC TESS
 5.00  6600.  0.0  2.0   1.5874   -2.5178   2.7788  -1.0618   0.0468   0.0118 PC TESS
 5.50  6600.  0.0  2.0   1.1417   -1.4554   1.7343  -0.7092   0.0343   0.0120 PC TESS
 6.00  6600.  0.0  2.0   0.8963   -0.8991   1.2077  -0.5349   0.0252   0.0117 PC TESS
 2.50  6700.  0.0  2.0  11.5786  -20.5996  17.2791  -5.3829   0.1964   0.0183 PC TESS
 3.00  6700.  0.0  2.0   7.1407  -12.8641  11.2690  -3.6344   0.1487   0.0174 PC TESS
 3.50  6700.  0.0  2.0   4.4482   -7.8962   7.1961  -2.3891   0.1166   0.0142 PC TESS
 4.00  6700.  0.0  2.0   2.8773   -4.9870   4.8045  -1.6557   0.0844   0.0128 PC TESS
 4.50  6700.  0.0  2.0   2.1720   -3.6854   3.7870  -1.3792   0.0650   0.0126 PC TESS
 5.00  6700.  0.0  2.0   1.6006   -2.5527   2.8091  -1.0727   0.0474   0.0120 PC TESS
 5.50  6700.  0.0  2.0   1.1424   -1.4600   1.7327  -0.7084   0.0346   0.0121 PC TESS
 6.00  6700.  0.0  2.0   0.8957   -0.8983   1.1982  -0.5313   0.0255   0.0118 PC TESS
 2.50  6800.  0.0  2.0  12.2639  -21.8780  18.3212  -5.7029   0.1993   0.0215 PC TESS
 3.00  6800.  0.0  2.0   6.9593  -12.4843  10.9193  -3.5197   0.1488   0.0172 PC TESS
 3.50  6800.  0.0  2.0   4.4833   -7.9423   7.2116  -2.3898   0.1177   0.0143 PC TESS
 4.00  6800.  0.0  2.0   2.8904   -5.0004   4.8006  -1.6521   0.0855   0.0129 PC TESS
 4.50  6800.  0.0  2.0   2.2071   -3.7644   3.8560  -1.4023   0.0659   0.0126 PC TESS
 5.00  6800.  0.0  2.0   1.6073   -2.5721   2.8250  -1.0789   0.0480   0.0119 PC TESS
 5.50  6800.  0.0  2.0   1.1438   -1.4674   1.7357  -0.7098   0.0350   0.0122 PC TESS
 6.00  6800.  0.0  2.0   0.8965   -0.9020   1.1942  -0.5294   0.0257   0.0119 PC TESS
 2.50  6900.  0.0  2.0  11.5630  -20.5022  17.1290  -5.3230   0.1981   0.0189 PC TESS
 3.00  6900.  0.0  2.0   6.5683  -11.6638  10.1680  -3.2708   0.1491   0.0159 PC TESS
 3.50  6900.  0.0  2.0   4.5028   -7.9899   7.2557  -2.4063   0.1170   0.0147 PC TESS
 4.00  6900.  0.0  2.0   2.8990   -5.0059   4.7909  -1.6471   0.0863   0.0130 PC TESS
 4.50  6900.  0.0  2.0   2.2272   -3.7974   3.8703  -1.4033   0.0671   0.0127 PC TESS
 5.00  6900.  0.0  2.0   1.6413   -2.6545   2.9022  -1.1065   0.0487   0.0119 PC TESS
 5.50  6900.  0.0  2.0   1.1501   -1.4876   1.7531  -0.7164   0.0355   0.0122 PC TESS
 6.00  6900.  0.0  2.0   0.8972   -0.9079   1.1945  -0.5295   0.0261   0.0120 PC TESS
 2.50  7000.  0.0  2.0  11.9914  -21.4013  17.9366  -5.5902   0.1960   0.0220 PC TESS
 3.00  7000.  0.0  2.0   6.4840  -11.4900  10.0041  -3.2169   0.1492   0.0158 PC TESS
 3.50  7000.  0.0  2.0   4.4067   -7.7727   7.0408  -2.3324   0.1176   0.0138 PC TESS
 4.00  7000.  0.0  2.0   2.9280   -5.0542   4.8195  -1.6546   0.0872   0.0129 PC TESS
 4.50  7000.  0.0  2.0   2.2338   -3.8075   3.8697  -1.4014   0.0675   0.0128 PC TESS
 5.00  7000.  0.0  2.0   1.6600   -2.6929   2.9278  -1.1128   0.0494   0.0120 PC TESS
 5.50  7000.  0.0  2.0   1.1583   -1.5106   1.7720  -0.7234   0.0360   0.0123 PC TESS
 6.00  7000.  0.0  2.0   0.9018   -0.9238   1.2065  -0.5342   0.0265   0.0121 PC TESS
 2.50  7200.  0.0  2.0  11.4847  -20.3456  16.9608  -5.2650   0.1961   0.0198 PC TESS
 3.00  7200.  0.0  2.0   6.4317  -11.3343   9.8084  -3.1410   0.1499   0.0159 PC TESS
 3.50  7200.  0.0  2.0   4.2099   -7.3125   6.5696  -2.1648   0.1184   0.0137 PC TESS
 4.00  7200.  0.0  2.0   2.9425   -5.0328   4.7459  -1.6201   0.0895   0.0130 PC TESS
 4.50  7200.  0.0  2.0   2.2368   -3.7854   3.8082  -1.3705   0.0690   0.0130 PC TESS
 5.00  7200.  0.0  2.0   1.6621   -2.6825   2.8880  -1.0919   0.0510   0.0122 PC TESS
 5.50  7200.  0.0  2.0   1.1663   -1.5344   1.7848  -0.7267   0.0371   0.0123 PC TESS
 6.00  7200.  0.0  2.0   0.9053   -0.9409   1.2145  -0.5368   0.0273   0.0121 PC TESS
 2.50  7400.  0.0  2.0  12.1959  -21.7423  18.1388  -5.6354   0.1954   0.0230 PC TESS
 3.00  7400.  0.0  2.0   6.6172  -11.6916  10.0932  -3.2293   0.1497   0.0177 PC TESS
 3.50  7400.  0.0  2.0   4.1454   -7.1493   6.3883  -2.1010   0.1193   0.0136 PC TESS
 4.00  7400.  0.0  2.0   2.8103   -4.7361   4.4502  -1.5187   0.0898   0.0118 PC TESS
 4.50  7400.  0.0  2.0   2.1269   -3.4346   3.3754  -1.2052   0.0706   0.0130 PC TESS
 5.00  7400.  0.0  2.0   1.6916   -2.7466   2.9355  -1.1068   0.0519   0.0120 PC TESS
 5.50  7400.  0.0  2.0   1.1684   -1.5398   1.7772  -0.7222   0.0381   0.0125 PC TESS
 6.00  7400.  0.0  2.0   0.9057   -0.9477   1.2108  -0.5342   0.0281   0.0122 PC TESS
 2.50  7600.  0.0  2.0  12.4878  -22.2617  18.5244  -5.7440   0.1963   0.0237 PC TESS
 3.00  7600.  0.0  2.0   6.7456  -11.9081  10.2305  -3.2627   0.1505   0.0184 PC TESS
 3.50  7600.  0.0  2.0   4.1428   -7.1058   6.3019  -2.0633   0.1204   0.0126 PC TESS
 4.00  7600.  0.0  2.0   2.7134   -4.4644   4.1556  -1.4239   0.0912   0.0112 PC TESS
 4.50  7600.  0.0  2.0   2.2688   -3.8067   3.7558  -1.3365   0.0713   0.0120 PC TESS
 5.00  7600.  0.0  2.0   1.7039   -2.7520   2.9035  -1.0861   0.0531   0.0119 PC TESS
 5.50  7600.  0.0  2.0   1.1879   -1.5937   1.8247  -0.7394   0.0390   0.0122 PC TESS
 6.00  7600.  0.0  2.0   0.9138   -0.9790   1.2403  -0.5465   0.0288   0.0121 PC TESS
 2.50  7800.  0.0  2.0  12.0702  -21.4607  17.8273  -5.5228   0.1937   0.0220 PC TESS
 3.00  7800.  0.0  2.0   6.7348  -11.8093  10.0679  -3.1926   0.1525   0.0171 PC TESS
 3.50  7800.  0.0  2.0   4.3116   -7.4029   6.5150  -2.1277   0.1221   0.0139 PC TESS
 4.00  7800.  0.0  2.0   2.8456   -4.7597   4.4142  -1.5017   0.0927   0.0110 PC TESS
 4.50  7800.  0.0  2.0   2.1216   -3.4384   3.3541  -1.1858   0.0728   0.0100 PC TESS
 5.00  7800.  0.0  2.0   1.7215   -2.7653   2.8764  -1.0668   0.0542   0.0114 PC TESS
 5.50  7800.  0.0  2.0   1.1970   -1.6101   1.8205  -0.7329   0.0399   0.0120 PC TESS
 6.00  7800.  0.0  2.0   0.9172   -0.9896   1.2379  -0.5429   0.0295   0.0119 PC TESS
 2.50  8000.  0.0  2.0  13.5071  -24.2143  20.1254  -6.2356   0.1977   0.0257 PC TESS
 3.00  8000.  0.0  2.0   7.1533  -12.6052  10.7115  -3.3876   0.1549   0.0180 PC TESS
 3.50  8000.  0.0  2.0   4.4246   -7.5746   6.5957  -2.1316   0.1242   0.0136 PC TESS
 4.00  8000.  0.0  2.0   2.8375   -4.6789   4.2642  -1.4315   0.0950   0.0108 PC TESS
 4.50  8000.  0.0  2.0   2.0963   -3.3355   3.1997  -1.1190   0.0744   0.0097 PC TESS
 5.00  8000.  0.0  2.0   1.6904   -2.6516   2.7115  -0.9948   0.0553   0.0112 PC TESS
 5.50  8000.  0.0  2.0   1.2297   -1.6462   1.7570  -0.6797   0.0411   0.0111 PC TESS
 6.00  8000.  0.0  2.0   0.9167   -0.9896   1.2227  -0.5339   0.0300   0.0120 PC TESS
 2.50  8200.  0.0  2.0  15.0009  -26.9388  22.3062  -6.8866   0.2054   0.0270 PC TESS
 3.00  8200.  0.0  2.0   7.9515  -14.1718  12.0393  -3.8064   0.1585   0.0208 PC TESS
 3.50  8200.  0.0  2.0   4.9544   -8.6469   7.5209  -2.4289   0.1267   0.0161 PC TESS
 4.00  8200.  0.0  2.0   3.0114   -5.0095   4.5092  -1.4987   0.0973   0.0115 PC TESS
 4.50  8200.  0.0  2.0   2.1587   -3.4442   3.2565  -1.1280   0.0763   0.0093 PC TESS
 5.00  8200.  0.0  2.0   1.5695   -2.3492   2.3706  -0.8631   0.0567   0.0093 PC TESS
 5.50  8200.  0.0  2.0   1.2714   -1.7371   1.8267  -0.6998   0.0418   0.0110 PC TESS
 6.00  8200.  0.0  2.0   0.9481   -1.0652   1.2873  -0.5559   0.0305   0.0118 PC TESS
 2.50  8400.  0.0  2.0  16.2277  -29.1456  24.0521  -7.4021   0.2126   0.0275 PC TESS
 3.00  8400.  0.0  2.0   8.1379  -14.4819  12.2461  -3.8561   0.1623   0.0196 PC TESS
 3.50  8400.  0.0  2.0   5.2454   -9.2171   7.9887  -2.5723   0.1296   0.0169 PC TESS
 4.00  8400.  0.0  2.0   3.1698   -5.3084   4.7263  -1.5559   0.0994   0.0117 PC TESS
 4.50  8400.  0.0  2.0   2.2155   -3.5331   3.2844  -1.1230   0.0781   0.0092 PC TESS
 5.00  8400.  0.0  2.0   1.5580   -2.2959   2.2756  -0.8194   0.0580   0.0087 PC TESS
 5.50  8400.  0.0  2.0   1.3195   -1.8464   1.9181  -0.7258   0.0426   0.0109 PC TESS
 6.00  8400.  0.0  2.0   0.9833   -1.1502   1.3520  -0.5725   0.0312   0.0115 PC TESS
 2.50  8600.  0.0  2.0  17.4054  -31.2804  25.7579  -7.9107   0.2180   0.0286 PC TESS
 3.00  8600.  0.0  2.0   8.5980  -15.3406  12.9396  -4.0648   0.1668   0.0202 PC TESS
 3.50  8600.  0.0  2.0   5.5396   -9.7909   8.4603  -2.7164   0.1332   0.0177 PC TESS
 4.00  8600.  0.0  2.0   3.2473   -5.4593   4.8375  -1.5900   0.1022   0.0115 PC TESS
 4.50  8600.  0.0  2.0   2.3211   -3.7284   3.4123  -1.1520   0.0797   0.0097 PC TESS
 5.00  8600.  0.0  2.0   1.5936   -2.3476   2.2770  -0.8075   0.0593   0.0083 PC TESS
 5.50  8600.  0.0  2.0   1.2784   -1.7922   1.8686  -0.7000   0.0436   0.0088 PC TESS
 6.00  8600.  0.0  2.0   1.0099   -1.2039   1.3736  -0.5694   0.0319   0.0115 PC TESS
 2.50  8800.  0.0  2.0  17.7266  -31.6448  25.8892  -7.9067   0.2246   0.0252 PC TESS
 3.00  8800.  0.0  2.0   9.5787  -17.2049  14.4943  -4.5471   0.1731   0.0225 PC TESS
 3.50  8800.  0.0  2.0   5.7290  -10.1202   8.6984  -2.7800   0.1378   0.0169 PC TESS
 4.00  8800.  0.0  2.0   3.5084   -5.9759   5.2667  -1.7226   0.1062   0.0121 PC TESS
 4.50  8800.  0.0  2.0   2.4316   -3.9466   3.5759  -1.1976   0.0821   0.0101 PC TESS
 5.00  8800.  0.0  2.0   1.6718   -2.4937   2.3648  -0.8240   0.0602   0.0085 PC TESS
 5.50  8800.  0.0  2.0   1.2613   -1.7284   1.7597  -0.6488   0.0445   0.0083 PC TESS
 6.00  8800.  0.0  2.0   1.0608   -1.3290   1.4783  -0.6001   0.0325   0.0112 PC TESS
 2.50  9000.  0.0  2.0  19.3195  -34.4781  28.1248  -8.5667   0.2310   0.0262 PC TESS
 3.00  9000.  0.0  2.0  10.2137  -18.3715  15.4393  -4.8331   0.1776   0.0232 PC TESS
 3.50  9000.  0.0  2.0   5.9824  -10.5907   9.0749  -2.8925   0.1419   0.0170 PC TESS
 4.00  9000.  0.0  2.0   3.6624   -6.2981   5.5436  -1.8106   0.1083   0.0131 PC TESS
 4.50  9000.  0.0  2.0   2.5292   -4.1510   3.7438  -1.2506   0.0850   0.0104 PC TESS
 5.00  9000.  0.0  2.0   1.7161   -2.5766   2.4042  -0.8266   0.0622   0.0083 PC TESS
 5.50  9000.  0.0  2.0   1.2910   -1.7755   1.7630  -0.6389   0.0453   0.0083 PC TESS
 6.00  9000.  0.0  2.0   1.1080   -1.4391   1.5567  -0.6163   0.0331   0.0109 PC TESS
 2.50  9200.  0.0  2.0  20.9660  -37.4083  30.4398  -9.2514   0.2366   0.0273 PC TESS
 3.00  9200.  0.0  2.0  10.3100  -18.4593  15.4433  -4.8166   0.1811   0.0216 PC TESS
 3.50  9200.  0.0  2.0   6.2010  -11.0034   9.4131  -2.9962   0.1443   0.0174 PC TESS
 4.00  9200.  0.0  2.0   3.7323   -6.4262   5.6361  -1.8354   0.1103   0.0128 PC TESS
 4.50  9200.  0.0  2.0   2.6188   -4.3374   3.8970  -1.2976   0.0866   0.0107 PC TESS
 5.00  9200.  0.0  2.0   1.8146   -2.7850   2.5751  -0.8792   0.0639   0.0085 PC TESS
 5.50  9200.  0.0  2.0   1.3280   -1.8442   1.7886  -0.6367   0.0466   0.0083 PC TESS
 6.00  9200.  0.0  2.0   1.0683   -1.3475   1.4285  -0.5551   0.0337   0.0093 PC TESS
 2.50  9400.  0.0  2.0  25.0747  -45.0886  36.7728 -11.1946   0.2417   0.0360 PC TESS
 3.00  9400.  0.0  2.0  10.8514  -19.4427  16.2352  -5.0557   0.1842   0.0222 PC TESS
 3.50  9400.  0.0  2.0   6.6611  -11.9072  10.1907  -3.2447   0.1466   0.0194 PC TESS
 4.00  9400.  0.0  2.0   3.9146   -6.7929   5.9522  -1.9367   0.1122   0.0139 PC TESS
 4.50  9400.  0.0  2.0   2.6983   -4.5034   4.0358  -1.3407   0.0881   0.0109 PC TESS
 5.00  9400.  0.0  2.0   1.8663   -2.9084   2.6833  -0.9158   0.0651   0.0087 PC TESS
 5.50  9400.  0.0  2.0   1.3758   -1.9408   1.8496  -0.6490   0.0479   0.0084 PC TESS
 6.00  9400.  0.0  2.0   1.1018   -1.3993   1.4049  -0.5203   0.0344   0.0087 PC TESS
 2.50  9600.  0.0  2.0  24.6867  -44.0415  35.6857 -10.8042   0.2464   0.0303 PC TESS
 3.00  9600.  0.0  2.0  12.0122  -21.6633  18.1060  -5.6421   0.1873   0.0257 PC TESS
 3.50  9600.  0.0  2.0   6.9280  -12.4044  10.5990  -3.3706   0.1487   0.0199 PC TESS
 4.00  9600.  0.0  2.0   3.9433   -6.8289   5.9643  -1.9359   0.1139   0.0133 PC TESS
 4.50  9600.  0.0  2.0   2.7704   -4.6368   4.1395  -1.3711   0.0896   0.0108 PC TESS
 5.00  9600.  0.0  2.0   1.9163   -3.0117   2.7641  -0.9394   0.0661   0.0087 PC TESS
 5.50  9600.  0.0  2.0   1.4054   -2.0007   1.8861  -0.6567   0.0483   0.0084 PC TESS
 6.00  9600.  0.0  2.0   1.1575   -1.5394   1.5242  -0.5531   0.0353   0.0087 PC TESS
 2.50  9800.  0.0  2.0  26.7334  -47.7022  38.5853 -11.6630   0.2508   0.0320 PC TESS
 3.00  9800.  0.0  2.0  12.0295  -21.5761  17.9474  -5.5714   0.1900   0.0236 PC TESS
 3.50  9800.  0.0  2.0   7.0071  -12.5030  10.6436  -3.3753   0.1507   0.0190 PC TESS
 4.00  9800.  0.0  2.0   4.1630   -7.2660   6.3438  -2.0586   0.1154   0.0144 PC TESS
 4.50  9800.  0.0  2.0   2.8320   -4.7632   4.2444  -1.4038   0.0903   0.0110 PC TESS
 5.00  9800.  0.0  2.0   1.9749   -3.1377   2.8718  -0.9738   0.0668   0.0090 PC TESS
 5.50  9800.  0.0  2.0   1.4436   -2.0921   1.9640  -0.6825   0.0491   0.0084 PC TESS
 6.00  9800.  0.0  2.0   1.1884   -1.6023   1.5584  -0.5576   0.0359   0.0088 PC TESS
 2.50 10000.  0.0  2.0  26.3283  -46.6737  37.5466 -11.2962   0.2568   0.0277 PC TESS
 3.00 10000.  0.0  2.0  12.6179  -22.6541  18.8210  -5.8370   0.1921   0.0244 PC TESS
 3.50 10000.  0.0  2.0   7.0537  -12.5436  10.6420  -3.3665   0.1531   0.0181 PC TESS
 4.00 10000.  0.0  2.0   4.2167   -7.3491   6.3981  -2.0722   0.1162   0.0141 PC TESS
 4.50 10000.  0.0  2.0   2.9181   -4.9303   4.3839  -1.4476   0.0914   0.0113 PC TESS
 5.00 10000.  0.0  2.0   2.0208   -3.2276   2.9425  -0.9948   0.0677   0.0090 PC TESS
 5.50 10000.  0.0  2.0   1.4917   -2.1973   2.0526  -0.7106   0.0496   0.0084 PC TESS
 6.00 10000.  0.0  2.0   1.2203   -1.6708   1.6047  -0.5681   0.0364   0.0089 PC TESS
 2.50 10200.  0.0  2.0  28.1670  -49.9563  40.1373 -12.0606   0.2606   0.0291 PC TESS
 3.00 10200.  0.0  2.0  12.6175  -22.5384  18.6397  -5.7594   0.1960   0.0224 PC TESS
 3.50 10200.  0.0  2.0   7.5492  -13.5036  11.4601  -3.6264   0.1548   0.0201 PC TESS
 4.00 10200.  0.0  2.0   4.4236   -7.7580   6.7532  -2.1875   0.1173   0.0153 PC TESS
 4.50 10200.  0.0  2.0   3.0217   -5.1395   4.5672  -1.5078   0.0920   0.0120 PC TESS
 5.00 10200.  0.0  2.0   2.0892   -3.3673   3.0626  -1.0336   0.0684   0.0094 PC TESS
 5.50 10200.  0.0  2.0   1.5408   -2.3018   2.1413  -0.7389   0.0502   0.0085 PC TESS
 6.00 10200.  0.0  2.0   1.2532   -1.7446   1.6636  -0.5862   0.0368   0.0090 PC TESS
 2.50 10400.  0.0  2.0  33.7363  -60.3956  48.7453 -14.6980   0.2638   0.0405 PC TESS
 3.00 10400.  0.0  2.0  13.1789  -23.5621  19.4610  -6.0062   0.1982   0.0231 PC TESS
 3.50 10400.  0.0  2.0   7.8205  -14.0040  11.8671  -3.7511   0.1562   0.0206 PC TESS
 4.00 10400.  0.0  2.0   4.4650   -7.8076   6.7724  -2.1885   0.1185   0.0147 PC TESS
 4.50 10400.  0.0  2.0   3.0614   -5.2025   4.6093  -1.5188   0.0928   0.0118 PC TESS
 5.00 10400.  0.0  2.0   2.1335   -3.4540   3.1340  -1.0561   0.0687   0.0096 PC TESS
 5.50 10400.  0.0  2.0   1.5924   -2.4100   2.2339  -0.7687   0.0507   0.0086 PC TESS
 6.00 10400.  0.0  2.0   1.2839   -1.8137   1.7219  -0.6060   0.0372   0.0091 PC TESS
 2.50 10600.  0.0  2.0  35.9730  -64.5054  52.0703 -15.7001   0.2662   0.0441 PC TESS
 3.00 10600.  0.0  2.0  14.5126  -26.1494  21.6577  -6.6981   0.1997   0.0274 PC TESS
 3.50 10600.  0.0  2.0   7.7980  -13.9076  11.7434  -3.7020   0.1573   0.0194 PC TESS
 4.00 10600.  0.0  2.0   4.5661   -7.9930   6.9216  -2.2344   0.1191   0.0150 PC TESS
 4.50 10600.  0.0  2.0   3.1809   -5.4393   4.8151  -1.5860   0.0936   0.0126 PC TESS
 5.00 10600.  0.0  2.0   2.1809   -3.5440   3.2074  -1.0790   0.0692   0.0098 PC TESS
 5.50 10600.  0.0  2.0   1.6308   -2.4876   2.2981  -0.7889   0.0509   0.0087 PC TESS
 6.00 10600.  0.0  2.0   1.3155   -1.8795   1.7740  -0.6217   0.0375   0.0092 PC TESS
 2.50 10800.  0.0  2.0  32.4057  -57.5695  46.1632 -13.8415   0.2682   0.0326 PC TESS
 3.00 10800.  0.0  2.0  15.0388  -27.1371  22.4669  -6.9453   0.2012   0.0284 PC TESS
 3.50 10800.  0.0  2.0   8.0751  -14.4229  12.1615  -3.8293   0.1588   0.0198 PC TESS
 4.00 10800.  0.0  2.0   4.8219   -8.4988   7.3588  -2.3755   0.1203   0.0164 PC TESS
 4.50 10800.  0.0  2.0   3.1979   -5.4555   4.8151  -1.5831   0.0939   0.0123 PC TESS
 5.00 10800.  0.0  2.0   2.2338   -3.6437   3.2890  -1.1047   0.0698   0.0100 PC TESS
 5.50 10800.  0.0  2.0   1.6678   -2.5596   2.3563  -0.8070   0.0511   0.0087 PC TESS
 6.00 10800.  0.0  2.0   1.3406   -1.9285   1.8101  -0.6318   0.0377   0.0093 PC TESS
 2.50 11000.  0.0  2.0  39.8036  -71.5891  57.8249 -17.4393   0.2696   0.0512 PC TESS
 3.00 11000.  0.0  2.0  15.5661  -28.1269  23.2763  -7.1918   0.2028   0.0294 PC TESS
 3.50 11000.  0.0  2.0   8.7256  -15.7007  13.2561  -4.1773   0.1608   0.0223 PC TESS
 4.00 11000.  0.0  2.0   5.0281   -8.8881   7.6797  -2.4750   0.1222   0.0169 PC TESS
 4.50 11000.  0.0  2.0   3.3042   -5.6561   4.9808  -1.6351   0.0951   0.0126 PC TESS
 5.00 11000.  0.0  2.0   2.2653   -3.7003   3.3326  -1.1180   0.0699   0.0102 PC TESS
 5.50 11000.  0.0  2.0   1.7101   -2.6414   2.4232  -0.8279   0.0516   0.0088 PC TESS
 6.00 11000.  0.0  2.0   1.3634   -1.9713   1.8406  -0.6402   0.0378   0.0093 PC TESS
 2.50 11200.  0.0  2.0  34.0194  -60.5060  48.5021 -14.5355   0.2709   0.0343 PC TESS
 3.00 11200.  0.0  2.0  14.9940  -26.9231  22.1744  -6.8242   0.2050   0.0254 PC TESS
 3.50 11200.  0.0  2.0   9.1191  -16.4391  13.8589  -4.3608   0.1634   0.0229 PC TESS
 4.00 11200.  0.0  2.0   5.1684   -9.1250   7.8503  -2.5211   0.1249   0.0162 PC TESS
 4.50 11200.  0.0  2.0   3.4913   -6.0255   5.2987  -1.7374   0.0969   0.0136 PC TESS
 5.00 11200.  0.0  2.0   2.3266   -3.8167   3.4283  -1.1481   0.0707   0.0105 PC TESS
 5.50 11200.  0.0  2.0   1.7204   -2.6530   2.4245  -0.8265   0.0519   0.0087 PC TESS
 6.00 11200.  0.0  2.0   1.3911   -2.0087   1.8624  -0.6452   0.0381   0.0093 PC TESS
 2.50 11400.  0.0  2.0  43.0876  -77.6650  62.7590 -18.9295   0.2727   0.0573 PC TESS
 3.00 11400.  0.0  2.0  15.4567  -27.7764  22.8575  -7.0279   0.2074   0.0258 PC TESS
 3.50 11400.  0.0  2.0   8.4211  -15.1011  12.7108  -3.9952   0.1617   0.0203 PC TESS
 4.00 11400.  0.0  2.0   5.4458   -9.6838   8.3352  -2.6772   0.1262   0.0177 PC TESS
 4.50 11400.  0.0  2.0   3.5926   -6.2045   5.4341  -1.7762   0.0991   0.0132 PC TESS
 5.00 11400.  0.0  2.0   2.4047   -3.9663   3.5529  -1.1874   0.0720   0.0107 PC TESS
 5.50 11400.  0.0  2.0   1.7674   -2.7332   2.4894  -0.8473   0.0521   0.0088 PC TESS
 6.00 11400.  0.0  2.0   1.4048   -2.0292   1.8719  -0.6464   0.0382   0.0092 PC TESS
 2.50 11600.  0.0  2.0  44.6967  -80.6094  65.1270 -19.6382   0.2748   0.0598 PC TESS
 3.00 11600.  0.0  2.0  17.1382  -31.0517  25.6420  -7.9039   0.2099   0.0314 PC TESS
 3.50 11600.  0.0  2.0   8.5556  -15.3635  12.9245  -4.0600   0.1629   0.0205 PC TESS
 4.00 11600.  0.0  2.0   5.0181   -8.8723   7.6352  -2.4525   0.1240   0.0160 PC TESS
 4.50 11600.  0.0  2.0   3.7460   -6.5149   5.7033  -1.8632   0.1003   0.0142 PC TESS
 5.00 11600.  0.0  2.0   2.2828   -3.7429   3.3531  -1.1207   0.0714   0.0100 PC TESS
 5.50 11600.  0.0  2.0   1.8026   -2.8126   2.5561  -0.8681   0.0531   0.0089 PC TESS
 6.00 11600.  0.0  2.0   1.4155   -2.0421   1.8740  -0.6451   0.0384   0.0092 PC TESS
 2.50 11800.  0.0  2.0  46.2688  -83.4612  67.4038 -20.3152   0.2769   0.0618 PC TESS
 3.00 11800.  0.0  2.0  17.5124  -31.7510  26.2076  -8.0739   0.2116   0.0319 PC TESS
 3.50 11800.  0.0  2.0   9.4272  -16.9728  14.2334  -4.4573   0.1689   0.0215 PC TESS
 4.00 11800.  0.0  2.0   5.2203   -9.2975   8.0129  -2.5762   0.1249   0.0174 PC TESS
 4.50 11800.  0.0  2.0   3.8248   -6.6715   5.8326  -1.9034   0.1013   0.0144 PC TESS
 5.00 11800.  0.0  2.0   2.3032   -3.7841   3.3837  -1.1295   0.0720   0.0101 PC TESS
 5.50 11800.  0.0  2.0   1.8284   -2.8434   2.5723  -0.8716   0.0535   0.0089 PC TESS
 6.00 11800.  0.0  2.0   1.4172   -2.0385   1.8628  -0.6398   0.0384   0.0090 PC TESS
 2.50 12000.  0.0  2.0  47.7827  -86.2038  69.5908 -20.9647   0.2790   0.0638 PC TESS
 3.00 12000.  0.0  2.0  17.7365  -32.1721  26.5451  -8.1743   0.2131   0.0321 PC TESS
 3.50 12000.  0.0  2.0   9.6085  -17.3177  14.5103  -4.5397   0.1710   0.0216 PC TESS
 4.00 12000.  0.0  2.0   5.2752   -9.4141   8.1091  -2.6057   0.1258   0.0175 PC TESS
 4.50 12000.  0.0  2.0   3.8264   -6.6654   5.8113  -1.8924   0.1024   0.0137 PC TESS
 5.00 12000.  0.0  2.0   2.3379   -3.8622   3.4523  -1.1521   0.0725   0.0105 PC TESS
 5.50 12000.  0.0  2.0   1.8435   -2.8697   2.5893  -0.8760   0.0539   0.0088 PC TESS
 6.00 12000.  0.0  2.0   1.4336   -2.0677   1.8825  -0.6450   0.0388   0.0089 PC TESS
